2.221999999999999975e+00 2.363800000000000168e+01 2.400000000000000000e+01
1.723999999999999977e+00 4.790999999999999659e+01 4.500000000000000000e+01
2.326000000000000068e+00 1.347199999999999953e+01 2.400000000000000000e+01
1.639000000000000012e+00 6.216400000000000148e+01 5.500000000000000000e+01
1.723999999999999977e+00 5.577199999999999847e+01 4.300000000000000000e+01
1.639000000000000012e+00 1.044669999999999987e+02 3.300000000000000000e+01
1.639000000000000012e+00 7.503900000000000148e+01 5.300000000000000000e+01
1.639000000000000012e+00 6.216400000000000148e+01 5.500000000000000000e+01
2.000000000000000000e+00 1.900900000000000034e+01 2.500000000000000000e+01
1.667000000000000037e+00 6.206600000000000250e+01 5.400000000000000000e+01
1.639000000000000012e+00 8.648999999999999488e+01 4.200000000000000000e+01
1.852000000000000091e+00 2.869200000000000017e+01 4.500000000000000000e+01
1.961000000000000076e+00 2.600900000000000034e+01 2.700000000000000000e+01
1.586999999999999966e+00 7.234300000000000352e+01 5.500000000000000000e+01
2.000000000000000000e+00 2.874800000000000111e+01 2.400000000000000000e+01
1.667000000000000037e+00 9.710200000000000387e+01 3.300000000000000000e+01
1.754000000000000004e+00 5.538100000000000023e+01 3.500000000000000000e+01
1.612999999999999989e+00 7.669899999999999807e+01 4.500000000000000000e+01
1.723999999999999977e+00 7.201200000000000045e+01 3.100000000000000000e+01
2.083000000000000185e+00 4.590999999999999659e+01 2.100000000000000000e+01
1.639000000000000012e+00 1.044669999999999987e+02 3.300000000000000000e+01
1.562000000000000055e+00 1.318079999999999927e+02 4.400000000000000000e+01
2.273000000000000131e+00 1.447199999999999953e+01 2.400000000000000000e+01
1.639000000000000012e+00 8.464000000000000057e+01 4.300000000000000000e+01
1.562000000000000055e+00 7.854500000000000171e+01 5.500000000000000000e+01
1.586999999999999966e+00 8.305899999999999750e+01 4.400000000000000000e+01
1.887000000000000011e+00 6.042699999999999960e+01 2.200000000000000000e+01
2.273000000000000131e+00 1.447199999999999953e+01 2.400000000000000000e+01
1.754000000000000004e+00 5.091299999999999670e+01 3.600000000000000000e+01
1.667000000000000037e+00 7.620699999999999363e+01 3.500000000000000000e+01
2.000000000000000000e+00 3.375200000000000244e+01 2.300000000000000000e+01
2.439000000000000057e+00 1.672100000000000009e+01 2.300000000000000000e+01
1.961000000000000076e+00 2.944699999999999918e+01 2.400000000000000000e+01
1.754000000000000004e+00 1.262109999999999985e+02 2.800000000000000000e+01
1.586999999999999966e+00 1.144620000000000033e+02 3.400000000000000000e+01
2.040999999999999925e+00 4.988199999999999790e+01 1.800000000000000000e+01
1.639000000000000012e+00 7.573399999999999466e+01 4.400000000000000000e+01
1.786000000000000032e+00 4.540599999999999881e+01 3.500000000000000000e+01
1.887000000000000011e+00 2.435000000000000142e+01 4.500000000000000000e+01
2.564000000000000057e+00 2.055000000000000071e+01 1.800000000000000000e+01
1.754000000000000004e+00 4.132699999999999818e+01 4.500000000000000000e+01
2.273000000000000131e+00 3.790200000000000102e+01 2.200000000000000000e+01
1.612999999999999989e+00 9.319400000000000261e+01 4.300000000000000000e+01
2.040999999999999925e+00 4.578699999999999903e+01 2.200000000000000000e+01
1.818000000000000060e+00 4.407200000000000273e+01 2.700000000000000000e+01
1.786000000000000032e+00 5.160199999999999676e+01 3.400000000000000000e+01
1.538000000000000034e+00 8.834999999999999432e+01 5.500000000000000000e+01
2.439000000000000057e+00 1.339799999999999969e+01 2.400000000000000000e+01
2.857000000000000206e+00 2.936899999999999977e+01 1.700000000000000000e+01
1.612999999999999989e+00 8.153400000000000603e+01 4.400000000000000000e+01
1.818000000000000060e+00 2.869900000000000162e+01 4.500000000000000000e+01
2.083000000000000185e+00 1.630099999999999838e+01 2.500000000000000000e+01
2.326000000000000068e+00 1.347199999999999953e+01 2.400000000000000000e+01
1.887000000000000011e+00 4.039999999999999858e+01 2.300000000000000000e+01
1.723999999999999977e+00 6.469899999999999807e+01 3.200000000000000000e+01
1.667000000000000037e+00 5.120900000000000318e+01 5.500000000000000000e+01
2.000000000000000000e+00 4.671999999999999886e+01 2.200000000000000000e+01
2.128000000000000114e+00 1.430100000000000016e+01 2.500000000000000000e+01
1.786000000000000032e+00 3.576800000000000068e+01 4.400000000000000000e+01
1.852000000000000091e+00 4.376100000000000279e+01 2.400000000000000000e+01
2.702999999999999847e+00 1.870799999999999841e+01 2.000000000000000000e+01
1.923000000000000043e+00 3.074800000000000111e+01 2.400000000000000000e+01
2.083000000000000185e+00 2.367699999999999960e+01 2.400000000000000000e+01
2.083000000000000185e+00 4.139500000000000313e+01 2.200000000000000000e+01
2.778000000000000025e+00 4.797800000000000153e+01 1.600000000000000000e+01
2.564000000000000057e+00 2.011100000000000065e+01 2.000000000000000000e+01
1.754000000000000004e+00 6.334300000000000352e+01 3.200000000000000000e+01
1.667000000000000037e+00 6.864100000000000534e+01 4.400000000000000000e+01
1.538000000000000034e+00 1.172770000000000010e+02 5.400000000000000000e+01
2.273000000000000131e+00 1.447199999999999953e+01 2.400000000000000000e+01
1.612999999999999989e+00 1.094399999999999977e+02 3.400000000000000000e+01
1.786000000000000032e+00 8.537800000000000011e+01 2.700000000000000000e+01
1.612999999999999989e+00 7.669899999999999807e+01 4.500000000000000000e+01
1.538000000000000034e+00 1.387680000000000007e+02 4.400000000000000000e+01
2.380999999999999783e+00 2.172200000000000131e+01 2.200000000000000000e+01
1.852000000000000091e+00 3.447800000000000153e+01 3.400000000000000000e+01
2.439000000000000057e+00 2.054100000000000037e+01 2.200000000000000000e+01
1.695000000000000062e+00 5.534000000000000341e+01 4.400000000000000000e+01
1.562000000000000055e+00 1.039519999999999982e+02 4.500000000000000000e+01
1.586999999999999966e+00 7.234300000000000352e+01 5.500000000000000000e+01
1.667000000000000037e+00 6.348700000000000188e+01 4.500000000000000000e+01
1.786000000000000032e+00 4.347299999999999898e+01 3.600000000000000000e+01
1.818000000000000060e+00 3.242900000000000205e+01 3.500000000000000000e+01
1.667000000000000037e+00 1.023900000000000006e+02 3.200000000000000000e+01
1.786000000000000032e+00 5.752799999999999869e+01 3.200000000000000000e+01
1.514999999999999902e+00 1.049399999999999977e+02 5.500000000000000000e+01
1.887000000000000011e+00 2.527599999999999980e+01 4.400000000000000000e+01
2.500000000000000000e+00 2.864999999999999858e+01 1.800000000000000000e+01
1.818000000000000060e+00 5.799000000000000199e+01 2.500000000000000000e+01
1.695000000000000062e+00 6.661899999999999977e+01 3.600000000000000000e+01
1.586999999999999966e+00 7.356100000000000705e+01 5.400000000000000000e+01
2.128000000000000114e+00 5.748599999999999710e+01 1.600000000000000000e+01
1.695000000000000062e+00 6.529900000000000659e+01 4.300000000000000000e+01
1.562000000000000055e+00 1.377489999999999952e+02 4.300000000000000000e+01
2.000000000000000000e+00 5.492000000000000171e+01 1.800000000000000000e+01
1.562000000000000055e+00 8.743899999999999295e+01 5.400000000000000000e+01
2.500000000000000000e+00 1.729799999999999827e+01 2.200000000000000000e+01
2.040999999999999925e+00 1.849200000000000088e+01 2.500000000000000000e+01
1.695000000000000062e+00 4.925500000000000256e+01 4.500000000000000000e+01
1.887000000000000011e+00 2.688899999999999935e+01 2.700000000000000000e+01
1.695000000000000062e+00 7.596699999999999875e+01 3.100000000000000000e+01
1.612999999999999989e+00 6.468500000000000227e+01 5.400000000000000000e+01
1.754000000000000004e+00 4.820600000000000307e+01 4.400000000000000000e+01
1.723999999999999977e+00 5.152799999999999869e+01 4.400000000000000000e+01
1.961000000000000076e+00 4.764699999999999847e+01 2.100000000000000000e+01
