97,18|17,17|10,34|31,39|12,16|25,20|19,18|19,16
136,35|99,25|99,27|92,21|71,55|121,13|80,13|118,12|26,39
97,18|75,4|101,15|60,7|82,10|83,10|85,4|80,15
96,4|106,7|96,15|90,4|107,5|99,27|81,12|46,5|89,20
97,18|101,15|93,12|82,10|110,15|121,15|120,16|99,14
97,18|75,4|101,15|93,12|60,7|82,10|24,38|85,10
97,18|17,17|10,34|31,39|12,16|25,20|19,18|19,16
40,2|64,0|94,4|64,6|12,16|60,7|72,12|92,13|55,7
97,18|83,13|85,8|97,16|114,17|82,10|93,19|89,16
97,18|117,4|75,4|101,15|98,27|108,6|109,0|102,12
136,35|99,25|99,27|92,21|71,55|121,13|118,12|26,39|101,27
97,18|75,4|93,12|82,10|79,0|24,38|47,6|82,4
99,25|75,6|75,11|86,11|96,13|38,7|85,10|87,9|76,45
64,0|64,6|28,37|29,49|13,3|12,16|18,17|11,13|11,7
64,0|94,4|64,6|12,16|60,7|8,29|72,12|61,0|10,29
40,2|64,0|94,4|64,6|12,16|60,7|72,12|92,13|55,7
97,18|75,4|93,12|82,10|92,13|23,13|24,50|76,9
99,25|75,6|75,11|16,53|96,13|38,7|85,10|87,9|75,9
96,4|106,7|96,15|90,4|107,5|99,27|81,12|14,4|78,11
64,0|28,37|29,49|13,3|12,16|85,10|21,13|6,6|8,15
64,0|94,4|64,6|12,16|60,7|72,12|92,13|55,7|88,21
97,18|83,13|85,8|68,55|41,7|97,16|82,10|95,20
97,18|75,4|101,15|93,12|82,10|121,15|85,10|84,7
96,4|106,7|96,15|90,4|107,5|99,27|94,22|103,7|83,21
97,18|83,13|85,8|97,16|114,17|82,10|93,19|89,16
97,18|75,4|93,12|82,10|79,0|24,38|82,4|47,6
97,18|97,15|17,17|10,34|31,39|12,16|19,18|10,5
64,0|94,4|64,6|28,37|13,3|12,16|35,43|53,16|54,6
17,17|10,34|16,3|31,39|12,16|24,14|10,11|30,52
97,18|75,4|60,7|82,10|83,10|85,4|80,15|84,3
40,2|64,0|28,37|29,49|12,16|99,30|85,10|21,13|20,15
99,25|75,6|86,11|96,13|38,7|85,10|87,9|17,19|91,12
75,4|60,7|82,10|83,10|85,4|80,15|84,3|119,20
97,18|60,7|82,10|83,10|85,4|80,15|84,3|26,24
97,18|17,17|31,39|12,16|25,20|19,18|19,16|11,6
64,0|94,4|64,6|28,37|29,49|13,3|12,16|53,16|25,38
64,0|64,6|28,37|29,49|12,16|18,17|11,13|11,7|73,4
99,25|7,30|99,27|92,21|17,15|121,3|126,20|98,11|85,12
96,4|106,7|90,4|107,5|99,27|81,12|89,20|104,14|96,25
97,18|75,4|101,15|82,10|83,10|85,4|80,15|76,13
17,17|31,39|12,16|25,20|19,18|19,16|20,7|20,21
64,0|64,6|28,37|29,49|13,3|12,16|24,10|42,38|88,9
97,18|75,4|60,7|82,10|83,10|85,4|80,15|42,11
93,12|60,7|82,10|23,11|89,42|169,15|7,11|167,20
136,35|99,27|92,21|71,55|121,13|80,13|118,12|26,39|169,7
64,0|64,6|28,37|29,49|12,16|18,17|11,13|24,10|89,6
136,35|127,42|99,27|92,21|71,55|121,13|130,34|108,22|130,32
136,35|99,25|99,27|92,21|71,55|121,13|118,12|101,27|112,20
99,25|99,27|92,21|71,55|121,13|80,13|118,12|63,0|101,30
64,0|94,4|64,6|28,37|29,49|13,3|12,16|35,43|71,4
97,18|101,15|93,12|82,10|110,15|121,15|120,16|39,6
97,18|117,4|75,4|101,15|82,10|93,4|52,7|66,0
97,18|101,15|93,12|82,10|110,15|121,15|85,10|38,2
97,18|75,4|82,10|121,15|85,10|84,7|92,12|80,9
99,25|75,6|86,11|96,13|38,7|85,10|87,9|17,19|91,12
64,0|64,6|28,37|12,16|18,17|11,13|24,10|92,4|45,5
97,18|75,4|101,15|60,7|82,10|83,10|85,4|80,15
40,2|28,37|13,3|12,16|99,30|85,10|21,13|29,39|35,7
97,18|17,17|10,34|31,39|12,16|25,20|19,18|19,16
136,35|99,25|99,27|92,21|71,55|121,13|118,12|26,39|91,21
64,0|28,37|29,49|13,3|12,16|18,17|24,10|42,38|5,15
10,34|16,3|31,39|12,16|24,14|10,11|20,7|42,48
64,0|28,37|29,49|13,3|85,10|21,13|6,6|8,15|41,6
97,18|83,13|68,55|41,7|97,16|82,10|95,20|34,51
136,35|99,25|99,27|92,21|71,55|121,13|118,12|101,27|29,38
97,18|75,4|60,7|82,10|83,10|85,4|80,15|32,23
97,18|75,4|101,15|93,12|82,10|85,10|78,5|79,9
99,25|99,27|92,21|99,29|104,11|88,26|119,8|69,54|91,20
17,17|10,34|16,3|31,39|12,16|24,14|10,6|20,0
99,25|7,30|99,27|92,21|167,4|91,29|90,21|98,18|97,15
97,18|17,17|10,34|31,39|12,16|25,20|19,18|19,16
65,25|67,28|68,27|89,12|82,25|95,21|78,15|85,27|84,27
97,18|17,17|16,3|31,39|12,16|24,14|10,11|40,37
93,12|82,10|23,11|89,42|169,15|7,11|167,20|100,6
65,25|67,28|38,36|35,40|32,39|30,39|26,33|23,37|57,32
97,18|82,10|85,10|84,7|92,12|80,9|96,15|97,24
97,18|17,17|10,34|31,39|12,16|25,20|19,18|19,16
99,25|7,30|99,27|92,21|91,29|90,21|85,27|22,12|79,13
17,17|31,39|12,16|25,20|19,18|19,16|11,6|24,12
97,18|97,15|31,39|12,16|19,18|90,7|169,15|20,14
97,18|101,15|93,12|98,27|97,29|109,23|99,6|96,13
96,4|106,7|90,4|99,27|81,12|89,20|96,25|79,17|89,8
97,18|75,4|101,15|82,10|83,10|85,4|80,15|50,0
64,0|64,6|28,37|29,49|13,3|12,16|18,17|24,10|64,66
65,25|67,28|68,27|89,12|78,15|66,0|84,6|75,27|89,20
97,18|93,12|82,10|79,0|92,13|23,13|14,4|94,12
136,35|99,25|99,27|92,21|71,55|121,13|118,12|101,27|69,31
75,4|82,10|83,10|85,4|80,15|84,3|119,20|79,9
97,18|17,17|10,34|31,39|12,16|90,7|9,12|121,15
64,0|64,6|28,37|29,49|12,16|18,17|11,13|24,10|22,7
64,0|29,49|13,3|12,16|85,10|21,13|6,6|8,15|11,15
99,25|7,30|99,27|92,21|121,3|126,20|98,11|85,12|46,0
75,4|93,12|82,10|79,0|24,38|47,6|82,4|96,27
99,25|75,6|75,11|86,11|96,13|38,7|85,10|87,9|13,17
97,18|75,4|101,15|82,10|83,10|85,4|80,15|24,18
97,18|75,4|101,15|93,12|82,10|121,15|85,10|138,25
96,4|96,15|90,4|107,5|99,27|81,12|14,4|78,11|27,51
97,18|75,4|101,15|60,7|82,10|83,10|85,4|77,30
40,2|64,0|28,37|12,16|99,30|85,10|35,40|26,16|52,66
122,13|121,11|20,20|167,6|11,4|121,13|122,20|98,26|25,18
40,2|28,37|29,49|13,3|12,16|99,30|85,10|95,15|22,11
136,35|99,27|92,21|71,55|121,13|118,12|101,27|112,20|105,20
97,18|101,15|93,12|82,10|85,10|78,5|79,9|18,4
64,0|64,6|28,37|13,3|12,16|18,17|24,10|42,38|31,31
97,18|75,4|60,7|82,10|83,10|85,4|80,15|84,3
65,25|67,28|68,27|89,12|66,0|85,27|84,6|45,0|19,9
136,35|99,25|99,27|92,21|71,55|121,13|118,12|91,21|116,3
40,2|64,0|94,4|64,6|12,16|60,7|72,12|92,13|19,18
97,18|83,13|41,7|97,16|22,20|13,3|19,15|130,32
97,18|83,13|85,8|41,7|97,16|82,10|95,20|93,25
97,18|17,17|16,3|31,39|12,16|24,14|10,11|40,37
40,2|28,37|29,49|13,3|12,16|85,10|21,13|29,39|88,6
97,18|75,4|101,15|60,7|82,10|24,38|85,10|92,12
99,25|75,6|75,11|96,13|38,7|85,10|87,9|73,0|84,28
97,18|83,13|85,8|97,16|114,17|82,10|93,19|89,16
75,4|101,15|82,10|83,10|85,4|80,15|52,67|84,10
99,25|7,30|99,27|92,21|17,15|121,3|98,11|85,12|62,66
97,18|101,15|93,12|98,27|97,29|99,6|96,13|110,18
99,27|92,21|71,55|121,13|80,13|118,12|26,39|169,7|90,23
17,17|31,39|12,16|25,20|19,18|22,11|84,10|23,14
99,25|75,6|93,17|86,11|96,13|78,15|78,18|96,21|74,59
97,18|75,4|93,12|82,10|92,13|23,13|76,9|38,16
97,18|17,17|10,34|31,39|12,16|19,18|10,5|18,18
64,0|64,6|28,37|29,49|13,3|18,17|11,13|11,7|95,6
99,25|75,6|75,11|96,13|38,7|85,10|87,9|75,9|74,19
97,18|75,4|101,15|93,12|82,10|121,15|85,10|90,7
97,18|101,15|60,7|82,10|83,10|85,4|80,15|56,57
40,2|64,0|94,4|64,6|12,16|60,7|72,12|92,13|55,7
97,18|75,4|82,10|79,0|24,38|82,4|47,6|35,7
97,18|17,17|10,34|31,39|12,16|19,18|19,16|20,12
97,18|75,4|93,12|82,10|92,13|23,13|24,50|76,9
64,0|64,6|28,37|13,3|12,16|18,17|11,13|11,7|117,4
17,17|31,39|12,16|19,18|19,16|20,7|20,21|19,23
75,6|86,11|96,13|38,7|85,10|87,9|17,19|91,12|94,12
64,0|28,37|29,49|13,3|12,16|18,17|24,10|42,38|5,15
97,18|83,13|68,55|97,16|82,10|95,20|98,25|166,5
75,4|60,7|82,10|83,10|80,15|84,3|119,20|33,7
97,18|83,13|85,8|97,16|114,17|82,10|89,16|83,15
97,18|75,4|82,10|83,10|85,4|80,15|84,3|22,15
60,7|82,10|23,11|89,42|169,15|7,11|167,20|2,0
65,25|67,28|68,27|89,12|78,15|66,0|85,27|84,6|31,49
99,25|75,6|16,53|96,13|38,7|85,10|87,9|96,7|79,9
64,0|64,6|28,37|13,3|12,16|18,17|24,10|42,38|106,10
97,18|17,17|12,16|25,20|19,18|19,16|11,6|19,6
97,18|75,4|93,12|60,7|82,10|24,38|85,10|24,11
99,25|75,6|86,11|96,13|38,7|85,10|87,9|96,7|71,55
99,25|99,27|92,21|91,29|90,21|63,0|96,20|75,51|77,7
99,25|75,6|75,11|96,13|38,7|85,10|87,9|75,9|70,60
99,25|75,6|96,13|38,7|85,10|87,9|96,7|79,9|33,19
122,13|121,11|20,20|167,6|159,1|11,4|19,14|121,13|100,20
65,25|67,28|68,27|89,12|82,25|63,38|66,19|81,10|62,32
97,18|101,15|93,12|82,10|121,15|85,10|84,7|120,16
40,2|64,0|28,37|12,16|99,30|85,10|21,13|20,15|68,55
99,25|7,30|99,27|92,21|17,15|121,3|126,20|98,11|103,11
17,17|16,3|31,39|12,16|24,14|10,11|40,37|94,6
65,25|67,28|35,40|32,39|30,39|23,37|57,32|29,36|19,16
97,18|75,4|101,15|93,12|82,10|24,38|85,10|107,6
99,25|7,30|99,27|92,21|121,3|126,20|98,11|85,12|103,30
10,34|31,39|12,16|25,20|19,18|19,16|20,7|26,50
17,17|12,16|25,20|19,18|19,16|11,6|24,12|11,3
97,18|93,12|82,10|79,0|92,13|23,13|14,4|4,34
99,25|75,6|93,17|86,11|96,13|78,15|78,18|96,21|50,7
97,18|17,17|10,34|31,39|12,16|19,18|10,5|90,12
40,2|64,0|94,4|64,6|12,16|60,7|72,12|92,13|55,7
97,18|75,4|101,15|82,10|110,15|121,15|85,10|32,7
17,17|10,34|31,39|12,16|24,14|10,11|30,52|39,6
97,18|17,17|31,39|12,16|19,18|19,16|18,27|39,6
97,18|97,15|31,39|19,18|169,15|20,14|89,12|107,21
97,18|101,15|93,12|82,10|85,10|79,9|18,4|8,4
97,18|75,4|101,15|93,12|60,7|82,10|24,38|85,10
97,18|75,4|93,12|82,10|110,15|121,15|85,10|90,10
17,17|31,39|12,16|25,20|19,18|20,7|20,21|19,8
10,34|16,3|31,39|12,16|24,14|10,6|20,0|12,47
64,0|64,6|28,37|29,49|13,3|12,16|18,17|24,10|96,6
17,17|31,39|12,16|25,20|19,18|19,16|20,7|20,21
64,0|28,37|29,49|13,3|12,16|18,17|11,13|24,10|84,4
75,4|101,15|93,12|82,10|24,38|85,10|27,50|99,15
96,4|106,7|96,15|90,4|107,5|99,27|14,4|78,11|97,7
75,4|60,7|82,10|83,10|85,4|80,15|119,20|75,47
97,18|97,15|17,17|10,34|31,39|12,16|19,18|10,5
65,25|67,28|89,12|82,25|78,15|66,0|85,27|84,6|64,11
40,2|28,37|29,49|13,3|12,16|99,30|85,10|95,15|78,11
99,25|99,27|92,21|71,55|121,13|80,13|63,0|151,16|91,27
96,4|96,15|90,4|107,5|99,27|81,12|46,5|89,20|87,20
99,25|75,6|75,11|86,11|96,13|38,7|85,10|87,9|76,45
83,13|85,8|68,55|41,7|97,16|82,10|95,20|23,24
93,12|60,7|82,10|89,42|169,15|7,11|167,20|166,59
64,0|64,6|28,37|13,3|12,16|18,17|11,13|24,10|53,16
93,12|60,7|82,10|23,11|89,42|169,15|7,11|56,28
96,4|106,7|96,15|90,4|107,5|99,27|103,7|83,21|119,18
97,18|75,4|60,7|82,10|83,10|85,4|80,15|86,4
99,25|99,27|92,21|71,55|121,13|80,13|118,12|63,0|145,36
64,0|94,4|64,6|28,37|12,16|35,43|98,27|96,28|18,7
97,18|93,12|60,7|82,10|24,38|85,10|24,11|78,4
97,18|101,15|93,12|82,10|110,15|121,15|120,16|99,14
136,35|127,42|99,27|92,21|71,55|121,13|130,34|108,22|111,23
40,2|64,0|28,37|12,16|85,10|21,13|6,6|69,6|21,14
64,0|94,4|64,6|12,16|60,7|72,12|92,13|55,7|35,43
99,25|7,30|99,27|92,21|17,15|121,3|126,20|98,11|98,8
97,18|75,4|60,7|82,10|83,10|85,4|80,15|83,17
64,0|28,37|29,49|13,3|12,16|18,17|42,38|5,15|80,7
136,35|99,25|99,27|92,21|71,55|118,12|26,39|101,27|86,10
64,0|94,4|64,6|12,16|60,7|72,12|92,13|55,7|88,21
40,2|13,3|12,16|99,30|85,10|21,13|29,39|35,7|142,31
64,0|94,4|64,6|12,16|60,7|8,29|72,12|61,0|55,22
97,18|83,13|85,8|41,7|97,16|82,10|95,20|90,6
99,25|75,6|86,11|96,13|38,7|85,10|87,9|17,19|91,12
97,18|75,4|60,7|82,10|83,10|85,4|80,15|21,44
40,2|64,0|94,4|64,6|12,16|60,7|72,12|92,13|55,7
97,18|83,13|85,8|97,16|82,10|93,19|89,16|168,8
97,18|83,13|85,8|41,7|82,10|95,20|93,25|35,42
40,2|64,0|94,4|64,6|12,16|60,7|92,13|55,7|81,15
97,18|75,4|101,15|82,10|83,10|85,4|89,30|98,27
97,18|17,17|10,34|31,39|12,16|25,20|19,18|19,16
97,18|101,15|98,27|97,29|109,23|99,6|96,13|83,9
64,0|64,6|28,37|29,49|13,3|12,16|11,13|11,7|99,4
64,0|28,37|29,49|13,3|12,16|24,10|42,38|88,9|8,7
93,12|60,7|82,10|23,11|89,42|169,15|167,20|62,12
99,25|7,30|99,27|92,21|17,15|121,3|98,11|85,12|87,7
10,34|16,3|31,39|12,16|24,14|10,11|20,7|42,48
99,25|99,27|92,21|99,29|104,11|88,26|69,54|91,20|93,12
65,25|67,28|68,27|82,25|78,15|63,38|66,19|81,10|62,32
83,13|85,8|97,16|114,17|82,10|93,19|89,16|121,13
40,2|28,37|29,49|13,3|12,16|99,30|85,10|95,15|129,2
122,13|121,11|20,20|167,6|159,1|11,4|121,13|91,23|126,16
60,7|82,10|23,11|169,15|7,11|167,20|2,0|32,6
96,4|106,7|107,5|99,27|81,12|89,20|104,14|96,25|99,11
40,2|64,0|28,37|12,16|99,30|85,10|21,13|20,15|26,12
97,18|75,4|101,15|93,12|98,27|89,4|97,29|67,30
97,18|75,4|82,10|83,10|85,4|80,15|76,13|70,21
96,4|106,7|96,15|90,4|107,5|99,27|81,12|89,20|127,4
64,0|94,4|64,6|12,16|60,7|8,29|61,0|10,29|154,33
97,18|17,17|12,16|25,20|19,18|19,16|11,6|27,15
17,17|31,39|12,16|25,20|19,18|19,16|20,7|20,21
97,18|75,4|82,10|121,15|85,10|92,12|80,9|10,8
97,18|75,4|101,15|82,10|83,10|85,4|80,15|98,10
97,18|117,4|75,4|101,15|98,27|108,6|109,0|109,22
10,34|16,3|31,39|12,16|24,14|10,11|30,52|18,17
122,13|121,11|20,20|167,6|159,1|11,4|121,13|91,23|20,15
64,0|94,4|64,6|12,16|60,7|72,12|92,13|55,7|7,8
93,12|60,7|82,10|89,42|169,15|7,11|167,20|152,40
97,18|83,13|68,55|41,7|97,16|82,10|95,20|11,43
96,4|106,7|96,15|107,5|99,27|81,12|14,4|78,11|62,57
97,18|75,4|60,7|82,10|83,10|85,4|77,30|35,41
75,4|101,15|93,12|82,10|121,15|85,10|84,7|81,7
97,18|83,13|41,7|97,16|22,20|13,3|19,15|5,32
97,18|101,15|60,7|82,10|83,10|85,4|80,15|56,57
64,0|64,6|28,37|12,16|18,17|11,13|11,7|117,4|69,31
60,7|82,10|23,11|169,15|7,11|167,20|2,0|115,19
99,25|75,6|96,13|38,7|85,10|87,9|96,7|33,19|94,22
93,12|60,7|82,10|89,42|169,15|7,11|167,20|40,28
99,25|99,27|92,21|71,55|121,13|118,12|101,27|112,20|95,1
99,25|99,27|92,21|99,29|104,11|88,26|69,54|91,20|93,7
97,18|17,17|31,39|12,16|25,20|19,18|19,16|101,20
99,25|75,6|86,11|38,7|85,10|87,9|96,7|71,55|99,21
99,25|99,27|92,21|91,29|90,21|63,0|96,20|77,7|24,24
64,0|94,4|64,6|12,16|60,7|72,12|55,7|35,43|97,18