164,4|163,3|82,10|163,4|1,36|83,13|13,0|19,17|89,12
14,16|168,7|13,16|82,10|112,27|95,6|83,10|169,13
164,4|163,3|108,6|82,10|19,16|163,4|1,36|19,14|169,15
164,4|163,3|82,10|19,16|163,4|1,36|19,14|143,32|2,36
164,4|82,10|163,4|1,36|13,0|19,17|89,12|100,15|141,29
14,16|168,7|6,29|82,10|13,0|94,15|95,15|39,7
14,16|168,7|6,29|82,10|94,15|95,15|39,7|94,14
164,4|163,3|108,6|82,10|19,16|163,4|1,36|143,32|108,8
14,16|168,7|81,5|82,10|95,6|83,10|97,23|166,6
164,4|163,3|108,6|82,10|19,16|163,4|1,36|19,14|99,15
14,16|168,15|168,7|82,10|112,27|169,15|30,39|10,29
164,4|163,3|164,5|168,6|19,17|88,11|68,56|64,59|96,15
164,4|82,10|19,16|163,4|1,36|19,14|2,36|12,0|117,15
164,4|163,3|108,6|82,10|19,16|163,4|1,36|169,15|21,8
164,4|82,10|163,4|13,0|19,17|100,15|141,29|19,18|117,4
14,16|168,7|13,16|112,27|95,6|83,10|169,13|168,6
117,14|95,16|25,16|96,15|121,15|117,15|19,17|120,15
14,16|168,7|13,16|82,10|95,6|83,10|29,37|22,40
14,16|168,7|13,16|82,10|95,6|83,10|29,37|84,10
164,4|163,3|108,6|82,10|163,4|1,36|143,32|108,8|26,16
164,4|163,3|82,10|163,4|1,36|83,13|13,0|19,17|89,12
14,16|168,15|168,7|13,16|82,10|46,0|99,15|22,12
164,4|82,10|19,16|163,4|1,36|19,14|2,36|12,0|88,9
14,16|168,7|82,10|13,0|94,15|95,15|39,7|85,9
14,16|168,7|13,16|82,10|95,6|83,10|81,7|110,20
164,4|163,4|1,36|83,13|13,0|19,17|87,10|23,15|85,10
14,16|168,7|81,5|13,16|82,10|83,10|81,7|96,8
164,4|163,3|82,10|163,4|1,36|83,13|13,0|19,17|89,12
14,16|168,15|168,7|13,16|82,10|99,15|11,0|11,4
14,16|168,15|13,16|82,10|99,15|11,0|13,15|165,20
164,4|163,3|82,10|163,4|1,36|83,13|13,0|19,17|28,45
164,4|82,10|163,4|1,36|83,13|13,0|19,17|18,0|20,15
164,4|82,10|163,4|13,0|19,17|100,15|141,29|19,18|67,57
164,4|163,3|82,10|163,4|1,36|19,14|2,36|141,31|151,23
164,4|82,10|163,4|19,17|141,29|159,40|19,18|163,20|85,53
14,16|168,7|81,5|82,10|83,10|97,23|166,6|160,9
14,16|168,15|168,7|82,10|112,27|169,15|30,39|166,12
164,4|163,3|108,6|82,10|19,16|163,4|1,36|108,8|85,12
14,16|168,7|82,10|95,6|83,10|97,23|166,6|89,12
164,4|163,3|82,10|19,16|163,4|1,36|19,14|143,32|2,36
164,4|163,3|108,6|82,10|19,16|163,4|19,14|99,15|105,3
164,4|82,10|163,4|13,0|19,17|141,29|159,40|19,18|85,9
14,16|168,7|81,5|13,16|82,10|83,10|81,7|92,23
14,16|168,7|82,10|13,0|94,15|95,15|39,7|1,36
14,16|168,7|82,10|94,15|95,15|39,7|94,14|92,17
168,7|81,5|82,10|95,6|83,10|97,23|166,6|80,15
14,16|168,7|6,29|82,10|94,15|95,15|94,14|89,7
164,4|108,6|82,10|19,16|163,4|1,36|169,15|21,8|119,32
14,16|168,15|168,7|13,16|82,10|46,0|22,12|18,17
164,4|163,3|108,6|82,10|19,16|163,4|1,36|19,14|99,15
164,4|163,3|82,10|19,16|163,4|1,36|19,14|99,15|9,1
82,10|19,16|163,4|1,36|19,14|2,36|12,0|88,9|119,27
14,16|168,7|82,10|13,0|39,7|85,9|29,22|22,29
77,4|77,3|77,2|78,2|78,1|77,1|76,5
155,38|155,39|156,39|155,40|154,40|156,38|156,40|157,38
155,38|155,39|156,39|155,40|154,40|154,39|156,38|157,38
77,4|77,3|77,2|78,2|78,1|77,1|76,5
155,38|155,39|156,39|155,40|154,40|154,39|156,38|157,38
155,38|155,39|156,39|155,40|154,40|154,39|156,38|157,38
111,16|111,17|111,18|110,18|111,19|111,20|110,20|112,17
155,38|155,39|156,39|155,40|154,40|156,38|156,40|157,38
155,38|155,39|156,39|155,40|154,40|154,39|156,38|157,38
155,38|155,39|156,39|155,40|154,40|156,38|156,40|157,38
111,16|111,17|111,18|110,18|111,19|111,20|112,17|110,20
111,16|111,17|111,18|110,18|111,19|111,20|112,17|110,20
77,4|77,2|78,2|78,1|77,1|76,5|78,3
111,16|111,17|111,18|110,18|111,19|111,20|110,20|112,17
155,38|155,39|156,39|155,40|156,38|156,40|157,38|154,39
155,38|155,39|156,39|155,40|154,40|156,38|156,40|157,40
155,38|155,39|156,39|155,40|156,38|156,40|157,38|154,38
155,38|155,39|156,39|155,40|156,38|157,39|154,38|154,39
155,38|155,39|156,39|155,40|156,38|157,39|154,38|154,39
77,4|77,2|78,2|78,1|77,1|76,5|78,3
155,38|155,39|156,39|155,40|154,39|156,38|157,39|156,40
155,38|155,39|156,39|155,40|154,40|154,39|156,38|157,38
73,2|72,3|72,4|72,5|74,5|71,4|73,4|71,2
155,38|155,39|156,39|155,40|154,40|154,39|156,38|157,38
155,38|155,39|156,39|155,40|154,39|156,38|157,39|156,40
77,4|77,2|78,2|78,1|77,1|76,5|78,3
77,4|77,2|78,2|78,1|77,1|76,5|78,3
77,4|77,3|77,2|78,2|78,1|76,5|78,3
115,15|116,15|114,15|115,16|115,17|114,17|114,16
155,38|155,39|156,39|155,40|154,40|156,38|157,38|154,38
155,38|155,39|156,39|155,40|154,40|154,39|156,38|157,38
155,38|155,39|156,39|155,40|156,38|156,40|157,38|154,39
155,38|155,39|156,39|155,40|154,39|156,38|157,38|154,38
77,4|77,2|78,2|78,1|77,1|76,5|78,3
155,38|155,39|156,39|155,40|154,39|156,38|157,38|154,38
155,38|155,39|156,39|155,40|154,39|156,38|157,39|156,40
155,38|155,39|156,39|155,40|154,40|154,39|156,38|157,39
155,38|155,39|156,39|155,40|154,40|154,39|156,38|157,38
77,4|77,3|77,2|78,2|78,1|77,1|76,5
155,38|155,39|156,39|155,40|154,40|156,38|157,38|154,38
155,38|155,39|156,39|155,40|154,40|154,39|156,38|157,39
155,38|155,39|156,39|155,40|154,40|154,39|156,38|157,39
77,4|77,2|78,2|78,1|77,1|76,5|78,3
155,38|155,39|156,39|155,40|156,38|156,40|157,38|154,39
77,4|77,2|78,2|78,1|77,1|76,5|78,3
77,4|77,3|77,2|78,2|78,1|77,1|77,5
155,38|155,39|156,39|155,40|154,40|156,38|157,38|154,38
155,38|155,39|156,39|155,40|154,40|156,38|157,38|154,38
155,38|155,39|156,39|155,40|154,40|156,38|157,38|154,38
155,38|155,39|156,39|155,40|154,40|156,38|157,38|154,38
77,4|77,3|77,2|78,2|78,1|76,5|77,0
155,38|155,39|156,39|155,40|154,40|156,38|157,38|154,38
111,16|111,17|111,18|110,18|111,19|111,20|112,17|110,19
111,16|111,18|110,18|111,19|111,20|112,17|110,20|112,18
155,38|155,39|156,39|155,40|154,40|156,40|157,40|157,39
155,38|155,39|156,39|155,40|156,38|156,40|154,38|157,37
155,38|155,39|156,39|155,40|156,38|157,39|154,39|153,38
77,4|78,2|78,1|77,1|76,5|78,3|77,3
155,38|155,39|156,39|155,40|156,38|157,39|156,40|153,39
155,38|155,39|156,39|155,40|156,38|157,39|156,40|154,40
77,4|77,2|78,2|78,1|77,1|78,3|76,4
77,2|78,2|78,1|77,1|76,5|78,3|77,3
155,38|155,39|156,39|155,40|154,40|156,38|157,38|154,39
155,38|155,39|156,39|155,40|154,39|156,38|154,38|157,39
77,2|78,2|78,1|77,1|76,5|78,3|78,4
155,38|155,39|156,39|155,40|154,39|156,38|154,38|157,39
155,38|155,39|156,39|155,40|154,40|156,38|157,38|154,38
77,4|77,3|77,2|78,2|78,1|76,5|77,0
77,2|78,2|78,1|77,1|76,5|78,3|77,3
77,4|78,2|78,1|77,1|76,5|78,3|77,3
155,38|155,39|156,39|155,40|156,38|157,38|154,38|154,39