77,0|17,16|167,11|168,15|16,17|30,52|9,30|40,10
40,2|40,3|169,8|141,29|169,25|168,8|142,31|9,10|2,36
164,20|10,34|169,6|107,7|133,38|6,7|16,17|93,21|75,10|22,7
64,0|40,3|141,29|128,2|77,9|156,9|78,0|35,40|34,43
83,10|16,18|146,30|133,28|90,10|132,29|80,15|95,16|20,14
40,2|40,3|169,8|141,29|168,8|142,31|9,10|2,36|93,13
40,2|169,8|141,29|169,25|168,8|142,31|9,10|2,36|8,11
10,34|169,6|107,7|27,33|100,29|133,38|6,7|146,33|150,17|84,46
40,3|141,29|77,9|24,15|167,12|22,20|87,8|17,15|166,9
77,0|17,16|132,28|167,11|168,15|16,17|9,30|86,9
64,0|77,9|24,15|167,12|22,20|89,7|21,7|21,8|20,11
83,10|16,18|146,30|133,28|90,10|132,29|80,15|83,9|70,55
17,16|167,11|168,15|16,17|30,52|9,30|40,10|29,19
83,10|16,18|146,30|28,52|90,10|132,29|80,15|83,9|98,27
64,0|40,3|141,29|128,2|77,9|78,0|35,40|34,43|63,7
77,0|17,16|132,28|168,15|16,17|9,30|86,9|141,32
164,20|10,34|169,6|107,7|100,29|133,38|6,7|16,17|93,21|8,30
64,0|40,3|141,29|77,9|167,12|73,4|17,19|24,12|143,26
64,0|77,9|24,15|167,12|22,20|108,4|21,7|21,8|87,4
40,2|169,8|141,29|168,8|142,31|9,10|2,36|8,11|19,15
108,7|17,16|96,12|66,60|120,16|80,7|117,20|99,27
108,7|77,0|17,16|132,28|161,38|78,11|94,6|140,31
164,20|10,34|169,6|107,7|6,7|16,17|93,21|75,10|22,7|97,9
64,0|77,9|167,12|22,20|89,7|108,4|21,7|21,8|102,14
77,0|17,16|167,11|168,15|16,17|30,52|9,30|166,15
25,57|17,16|25,58|121,15|25,51|23,38|90,10|119,15
77,0|132,28|77,1|61,4|60,5|111,4|66,0|4,29
10,34|169,6|107,7|27,33|100,29|133,38|6,7|150,17|84,46|95,4
40,2|40,3|169,8|141,29|169,25|168,8|142,31|9,10|2,36
17,16|167,11|16,17|30,52|9,30|0,31|19,17|102,20
40,2|64,0|40,3|141,29|128,2|77,9|128,1|120,22|116,50
40,2|40,3|141,29|128,2|77,9|128,1|134,39|91,23|140,22
64,0|141,29|128,2|77,9|88,28|164,5|84,51|138,53|16,17
25,57|108,7|77,0|25,58|97,25|115,7|63,0|158,42
64,0|117,8|40,3|24,14|141,29|128,2|77,9|45,1|13,15
17,16|132,28|167,11|168,15|16,17|9,30|86,9|81,4
83,10|16,18|146,30|133,28|90,10|132,29|80,15|82,10|89,24
77,0|17,16|167,11|168,15|16,17|30,52|166,15|89,23
40,2|64,0|117,8|40,3|141,29|113,64|128,2|77,9|76,10
25,57|77,0|17,16|25,58|1,43|6,35|31,32|24,52
40,2|40,3|169,8|141,29|169,25|142,31|9,10|2,36|20,15
17,16|168,15|30,52|9,30|29,19|169,20|169,13|60,57
64,0|77,9|24,15|167,12|22,20|21,7|87,4|163,9|13,0
78,2|78,1|102,25|98,27|122,17|76,0|77,0|92,11
64,0|77,9|24,15|167,12|22,20|108,4|21,7|87,4|97,29
77,0|17,16|132,28|167,11|168,15|16,17|30,52|24,38
64,0|117,8|40,3|24,14|141,29|128,2|77,9|39,4|108,4
25,57|17,16|25,58|121,15|23,38|90,10|119,15|169,12
64,0|77,9|24,15|22,20|89,7|21,7|21,8|20,11|117,4
40,2|169,8|141,29|168,8|142,31|9,10|8,11|19,15|24,14
17,16|167,11|168,15|16,17|30,52|9,30|40,10|79,23
40,2|64,0|40,3|141,29|128,2|77,9|120,22|128,0|86,56
17,16|132,28|167,11|168,15|16,17|86,9|81,4|12,7
64,0|117,8|40,3|24,14|141,29|128,2|77,9|21,7|36,37
77,0|6,35|100,26|76,0|98,26|96,27|147,36|16,16
108,7|77,0|109,15|17,16|97,25|108,8|65,59|114,18
78,2|78,1|98,27|122,17|123,17|64,6|96,15|27,40
77,0|17,16|132,28|16,17|9,30|86,9|141,32|92,15
78,2|78,1|98,27|122,17|123,17|64,6|96,15|27,40
17,16|167,11|16,17|9,30|0,31|50,11|19,17|18,18
40,2|169,8|141,29|168,8|142,31|9,10|2,36|8,11|19,15
17,16|168,15|30,52|29,19|169,20|169,13|60,57|4,31
64,0|77,9|24,15|167,12|22,20|108,4|21,7|21,8|167,4
77,0|17,16|167,11|168,15|16,17|30,52|40,10|17,8
40,2|40,3|169,8|141,29|169,25|168,8|142,31|9,10|16,15
40,2|64,0|117,8|40,3|141,29|113,64|128,2|77,9|76,10
64,0|77,9|24,15|167,12|22,20|108,4|21,7|21,8|2,25
40,2|169,8|141,29|169,25|142,31|9,10|2,36|8,11|2,34
64,0|117,8|40,3|24,14|141,29|128,2|77,9|45,1|127,0
78,2|78,1|98,27|122,17|103,16|123,17|86,10|21,9
17,16|167,11|16,17|30,52|40,10|23,40|5,42|79,12
77,0|132,28|77,1|61,4|60,5|111,4|66,0|35,6
25,57|17,16|25,58|121,15|25,51|23,38|119,15|50,9
64,0|77,9|24,15|22,20|89,7|21,7|21,8|117,4|97,9
169,8|141,29|168,8|142,31|9,10|2,36|8,11|147,36|108,8
40,2|64,0|40,3|24,14|141,29|77,9|15,17|112,27|17,16
17,16|167,11|16,17|30,52|9,30|40,10|29,19|33,11
64,0|77,9|167,12|22,20|89,7|108,4|21,7|21,8|155,20
40,2|64,0|40,3|24,14|141,29|128,2|77,9|45,1|92,21
17,16|167,11|168,15|16,17|30,52|9,30|40,10|29,19
10,34|169,6|133,38|6,7|16,17|93,21|75,10|22,7|34,1|122,6
83,10|16,18|146,30|133,28|90,10|132,29|80,15|95,16|20,14
77,0|17,16|132,28|167,11|168,15|16,17|86,9|125,0
17,16|167,11|168,15|16,17|30,52|9,30|29,19|165,42
169,8|141,29|168,8|142,31|9,10|2,36|8,11|19,15|90,12
77,0|17,16|167,11|168,15|16,17|9,30|166,15|103,8
83,10|16,18|146,30|90,10|132,29|95,16|20,14|61,57|66,19
77,0|17,16|168,15|16,17|30,52|9,30|166,15|21,21
83,10|16,18|28,52|90,10|132,29|80,15|83,9|98,27|78,68
83,10|16,18|28,52|90,10|132,29|80,15|83,9|98,27|32,36
10,34|169,6|107,7|27,33|100,29|133,38|6,7|150,17|84,46|95,4
108,7|17,16|96,12|120,16|80,7|117,20|99,27|99,11
40,2|40,3|169,8|141,29|168,8|142,31|2,36|93,13|74,7
83,10|16,18|28,52|90,10|132,29|80,15|83,9|98,27|69,55
83,10|16,18|146,30|133,28|90,10|132,29|80,15|82,10|118,22
10,34|169,6|107,7|27,33|100,29|133,38|6,7|150,17|95,4|27,58
40,2|40,3|141,29|128,2|77,9|128,1|134,39|140,22|130,2
17,16|168,15|30,52|9,30|29,19|169,13|60,57|92,22
40,2|40,3|169,8|141,29|169,25|168,8|9,10|2,36|152,31
83,10|16,18|146,30|90,10|132,29|80,15|83,9|98,27|98,11
64,0|77,9|24,15|167,12|108,4|21,7|21,8|87,4|112,35
25,57|25,58|25,51|23,38|90,10|119,15|6,64|23,37
40,2|40,3|169,8|141,29|169,25|168,8|142,31|108,7|159,9
17,16|132,28|167,11|168,15|16,17|30,52|24,38|62,67
25,57|17,16|25,58|121,15|23,38|119,15|50,9|64,35
83,10|16,18|146,30|133,28|90,10|132,29|80,15|82,10|118,22
89,6|89,7|88,7|88,6|90,7|90,6|89,5
164,3|164,4|164,5|164,6|163,4|163,3|163,5|164,2
82,13|83,13|83,10|84,13|84,10|84,9|85,9|85,10
60,2|59,2|60,3|60,1|61,2|62,2|61,0
60,2|59,2|60,3|60,1|61,2|62,2|61,0
89,6|89,7|88,7|88,6|90,7|90,6|89,4
60,2|59,2|60,3|60,1|61,2|62,2|60,0
19,14|19,15|20,15|20,14|20,13|21,13|21,14|22,14|21,15
60,2|59,2|60,3|60,1|61,2|62,2|61,0
55,32|55,33|54,32|56,32|55,31|55,30|55,29|55,28|56,28|57,29|56,30
55,32|55,33|54,32|56,32|55,31|55,30|55,29|55,28|56,28|57,29|56,30
55,32|55,33|54,32|56,32|56,31|55,31|55,29|55,28|56,28|57,29|56,30
130,4|129,4|129,5|128,5|127,5|127,4|127,3|128,4|128,3
109,6|109,7|108,7|108,8|109,8|110,8|111,8|111,9|110,7
55,32|55,33|54,32|56,32|56,31|55,31|55,29|55,28|56,28|57,29|56,30
55,32|55,33|54,32|56,32|55,31|55,30|55,29|55,28|56,28|57,29|56,30
82,13|83,13|83,10|84,13|84,10|84,9|85,9|85,10
60,2|59,2|60,3|60,1|61,2|62,2|61,0
60,2|59,2|60,3|60,1|61,2|61,0|63,2
60,2|59,2|60,3|60,1|61,2|61,0|63,2
60,2|59,2|60,3|60,1|61,2|61,0|63,2
60,2|59,2|61,1|61,2|62,2|61,3|59,1
24,14|24,13|25,13|25,14|24,15|25,15|25,16|26,16|24,16|26,14
60,2|59,2|60,3|60,1|61,2|61,0|63,2
60,7|61,7|60,6|61,6|62,4|61,0|61,5|62,7
60,2|59,2|61,1|61,2|62,2|61,3|59,1
60,2|59,2|60,3|60,1|61,2|62,2|61,0
60,2|59,2|60,3|60,1|61,2|62,2|60,0
60,2|59,2|60,3|60,1|61,2|62,2|60,0
93,4|92,5|92,6|91,6|90,6|91,4|91,7
109,6|109,7|108,7|108,8|109,8|110,8|111,9|112,8|110,7
53,32|52,32|54,32|54,33|54,31|55,30|56,30|54,30|55,32|56,32|53,30
60,2|60,3|60,1|61,2|62,2|59,2|61,0
125,41|126,41|127,41|127,42|127,43|126,42|131,48|125,42|124,42|125,43
60,2|59,2|60,3|61,2|62,2|61,0|60,0
60,2|59,2|60,3|60,1|61,2|61,0|63,2
89,6|89,7|88,7|88,6|90,7|90,6|89,5
60,2|59,2|60,3|60,1|61,2|62,2|61,0
60,2|59,2|60,3|60,1|61,2|62,2|61,0
60,2|60,3|60,1|61,2|62,2|59,2|61,0
60,2|59,2|61,1|61,2|62,2|61,3|60,0
93,4|92,5|92,6|91,6|90,6|91,4|91,7
89,6|89,7|88,7|88,6|90,7|90,6|89,4
60,2|59,2|60,3|60,1|61,2|61,0|63,2
89,6|89,7|88,7|88,6|90,6|89,5|90,7
60,2|59,2|60,3|60,1|61,2|61,0|63,2
19,14|19,15|20,15|20,14|21,13|21,14|19,17|21,15|22,15
89,6|89,7|88,7|88,6|90,7|90,6|89,4
60,2|59,2|60,3|60,1|61,2|62,2|61,0
89,6|89,7|88,7|88,6|90,7|90,6|89,4
82,13|83,13|83,10|84,10|84,9|85,9|85,10|86,10
60,2|59,2|60,3|61,2|62,2|61,0|60,0
93,4|92,4|92,5|92,6|91,6|92,7|91,7
36,42|36,41|36,40|37,40|38,39|38,40|45,42|36,39|38,37|38,38
60,2|59,2|60,3|60,1|61,2|61,0|63,2
53,32|52,32|54,32|54,33|54,31|55,30|56,31|54,30|53,31|55,32|56,33
60,2|59,2|61,1|61,2|62,2|61,3|60,0
108,7|108,8|109,8|110,8|111,8|111,7|111,9|108,6|110,7
82,13|83,13|83,10|84,13|84,10|84,9|85,9|85,10
89,6|89,7|88,7|88,6|90,6|91,7|90,7
83,7|84,6|82,7|82,6|83,6|81,7|82,5
60,2|59,2|60,3|60,1|61,2|62,2|60,0
93,4|92,5|92,6|91,6|90,6|91,4|91,7
55,32|54,32|56,32|56,31|55,31|55,30|55,29|55,28|56,28|57,27|56,34
108,7|108,8|109,8|110,8|111,8|111,7|111,9|108,6|110,7
60,2|59,2|61,1|61,2|62,2|61,3|59,1
60,2|59,2|60,3|60,1|61,2|62,2|61,0
142,30|143,30|143,31|143,32|142,32|142,33|142,31|141,31
60,2|59,2|60,3|61,2|62,2|61,0|60,0
55,32|55,33|54,32|56,32|55,31|55,30|55,29|55,28|56,28|57,29|56,29
109,6|109,7|108,7|108,8|109,8|110,8|111,8|110,7|110,9
82,13|83,13|83,10|84,13|84,10|85,9|85,10|86,10
60,2|59,2|60,3|61,2|62,2|61,0|60,0
60,2|59,2|60,3|60,1|61,2|61,0|63,2
89,6|89,7|88,7|88,6|90,7|90,6|89,5
60,2|59,2|60,3|60,1|61,2|61,0|63,2
89,6|89,7|88,7|88,6|90,7|90,6|89,4
60,2|59,2|60,3|60,1|61,2|61,0|63,2
60,2|59,2|60,3|60,1|61,2|62,2|60,0
60,2|59,2|60,3|60,1|61,2|61,0|63,2
60,7|61,7|60,6|61,6|61,0|61,5|61,4|62,7
60,2|59,2|60,3|61,2|62,2|61,0|60,0
60,2|59,2|60,3|60,1|61,2|62,2|61,0
55,32|55,33|54,32|56,32|55,31|55,30|55,29|55,28|56,28|57,29|56,29
60,2|59,2|60,3|60,1|61,2|61,0|61,3
60,2|59,2|60,3|60,1|61,2|61,0|63,2
60,2|59,2|60,3|60,1|61,2|61,0|63,2
60,2|59,2|61,2|62,2|61,3|59,1|60,1
89,6|89,7|88,7|88,6|90,7|90,6|89,4
60,2|59,2|60,3|60,1|61,2|62,2|60,0
60,2|59,2|60,3|61,2|62,2|61,0|60,0
60,2|59,2|60,3|61,2|62,2|61,0|60,0
21,11|20,11|20,12|20,13|21,13|21,14|20,14|19,14|21,12|22,12
60,2|59,2|60,3|60,1|61,2|62,2|61,0
60,2|59,2|60,3|61,2|62,2|61,0|59,0
19,14|19,15|20,15|20,14|20,13|21,13|21,14|22,14|21,15
60,2|59,2|60,3|60,1|61,2|61,0|63,2
167,10|167,9|167,11|168,9|168,11|166,11|166,8
60,2|59,2|60,3|60,1|61,2|62,2|60,0
60,2|59,2|60,3|60,1|61,2|62,2|60,0
89,6|89,7|88,7|88,6|90,7|90,6|88,8
60,2|59,2|60,3|60,1|61,2|62,2|60,0
60,2|59,2|60,3|61,2|62,2|61,0|60,0
89,6|89,7|88,7|88,6|90,7|90,6|89,5
60,2|59,2|60,3|61,2|62,2|61,0|60,0
60,2|59,2|60,3|60,1|61,2|62,2|60,0
60,2|59,2|60,3|60,1|61,2|62,2|61,0
89,6|89,7|88,7|88,6|90,7|90,6|89,4
131,31|130,31|129,31|129,32|130,32|130,33|131,32|130,30
60,2|59,2|60,3|60,1|61,2|62,2|60,0
89,6|89,7|88,7|88,6|90,7|90,6|89,4
89,6|89,7|88,7|88,6|90,7|90,6|89,4
60,2|59,2|60,3|61,2|62,2|61,0|60,0
89,6|89,7|88,7|88,6|90,7|90,6|89,4
89,6|89,7|88,7|88,6|90,7|90,6|89,4
60,2|59,2|60,3|60,1|61,2|62,2|60,0
60,2|59,2|60,3|60,1|61,2|62,2|60,0
89,6|89,7|88,7|88,6|90,7|90,6|89,4
60,2|59,2|60,3|60,1|61,2|61,0|63,2
60,2|59,2|60,3|60,1|61,2|62,2|60,0
60,2|59,2|60,3|60,1|61,2|62,2|61,0
60,2|59,2|60,3|60,1|61,2|62,2|61,0
60,2|59,2|60,3|60,1|61,2|62,2|61,1
55,32|55,33|54,32|56,32|56,31|55,31|55,29|55,28|56,28|57,29|57,30
89,6|89,7|88,7|88,6|90,7|90,6|89,4
55,32|55,33|54,32|56,32|56,31|55,31|55,30|55,29|55,28|56,28|56,29
55,32|55,33|54,32|56,31|55,31|55,30|55,29|55,28|56,28|57,28|57,32
60,2|59,2|60,3|60,1|61,2|62,2|61,0
19,14|19,15|20,15|20,14|20,13|21,13|21,14|21,15|22,15
60,2|59,2|60,3|60,1|61,2|60,0|63,2
60,2|59,2|60,3|61,2|62,2|61,0|59,1
89,6|89,7|88,7|88,6|90,7|90,6|89,5
89,6|89,7|88,7|88,6|90,7|90,6|88,5
60,2|60,3|60,1|61,2|62,2|61,0|58,2
60,2|60,3|60,1|61,2|62,2|61,0|58,2
60,2|59,2|60,3|60,1|61,2|62,2|60,0
55,32|55,33|54,32|56,32|56,31|55,31|55,29|55,28|56,28|57,29|57,30
60,2|59,2|60,3|60,1|61,2|61,0|63,2
60,2|59,2|60,3|60,1|61,2|62,2|61,1
55,32|55,33|54,32|56,32|55,31|55,30|55,28|56,28|57,29|56,30|54,29
109,6|109,7|108,7|108,8|109,8|110,8|111,9|110,7|112,8
55,32|54,32|56,32|55,31|55,30|55,29|55,28|56,28|57,29|56,30|56,33
60,2|59,2|60,3|61,2|62,2|61,0|60,0
60,2|59,2|60,3|60,1|61,2|63,2|60,0
60,2|59,2|60,3|60,1|61,2|62,2|61,1
19,14|19,15|20,15|20,14|20,13|21,13|21,14|21,15|22,15
60,2|59,2|60,3|61,2|62,2|61,0|60,0
60,2|59,2|60,3|61,2|62,2|61,0|60,0
60,2|59,2|60,3|61,2|62,2|61,0|59,1
60,2|59,2|60,3|61,2|62,2|60,0|59,1
60,2|59,2|60,3|60,1|61,2|62,2|60,0
55,32|55,33|54,32|56,31|55,31|55,29|55,28|56,28|57,29|56,30|56,33
130,4|129,4|129,5|128,5|127,5|127,3|128,4|128,3|126,4
55,32|55,33|54,32|56,32|56,31|55,31|55,29|55,28|56,28|56,30|58,29
55,32|55,33|54,32|56,32|55,31|55,30|55,29|55,28|56,28|57,29|56,31
60,2|59,2|60,3|60,1|61,2|61,0|64,2
60,7|61,7|60,6|61,6|62,4|61,0|61,5|62,8
60,2|61,1|61,2|62,2|61,3|59,1|59,3
109,6|109,7|108,7|109,8|110,8|111,9|112,8|110,7|107,8
53,32|54,32|54,33|54,31|55,30|56,30|54,30|55,32|56,32|53,30|52,31
60,2|60,3|61,2|62,2|59,2|61,0|59,1
125,41|127,41|127,42|127,43|126,42|131,48|125,42|124,42|125,43|126,40
60,2|60,3|61,2|62,2|59,2|61,0|60,0
60,2|59,2|61,1|61,2|62,2|61,3|61,0
60,2|59,2|60,3|60,1|61,2|62,2|60,0
36,42|36,41|37,40|38,39|38,40|45,42|36,39|38,37|38,38|35,40
53,32|52,32|54,32|54,33|54,31|55,30|56,31|54,30|53,31|55,32|55,33
89,6|89,7|88,7|88,6|90,6|90,7|92,7
60,2|59,2|60,3|60,1|61,2|62,2|61,0
93,4|92,5|92,6|91,6|91,4|91,7|89,6
60,2|59,2|61,1|61,2|62,2|59,1|62,3
142,30|143,30|143,31|143,32|142,32|142,31|141,31|141,33
60,2|59,2|60,3|61,2|62,2|61,0|60,1
60,2|59,2|60,3|60,1|61,2|61,0|64,2
60,2|59,2|60,1|61,2|62,2|60,0|61,3
60,2|59,2|60,3|60,1|61,2|63,2|60,0
60,2|59,2|61,2|62,2|61,0|60,0|60,1
60,2|59,2|60,3|60,1|61,2|62,2|61,1
55,32|55,33|54,32|56,32|55,31|55,30|55,29|55,28|56,28|56,29|57,30
60,2|59,2|60,3|60,1|61,2|61,3|60,0
60,2|61,2|62,2|61,3|59,1|60,1|59,3
60,2|59,2|60,3|62,2|61,0|60,0|61,3
60,2|60,3|61,2|62,2|61,0|59,0|59,3
167,10|167,11|168,9|168,11|166,11|166,8|167,8
89,6|89,7|88,7|88,6|90,7|90,6|89,8
89,6|89,7|88,7|88,6|90,7|90,6|89,5
60,2|59,2|60,1|61,2|62,2|60,0|61,3
60,2|60,3|61,2|62,2|61,0|60,0|59,3
89,6|89,7|88,6|90,7|90,6|89,4|87,7
89,6|89,7|88,7|90,7|90,6|89,4|87,6
60,2|59,2|60,3|61,2|62,2|60,0|59,1
89,6|89,7|88,7|90,7|90,6|89,4|87,6
60,2|60,3|60,1|61,2|61,0|63,2|58,2
60,2|60,3|60,1|61,2|62,2|60,0|58,2
60,2|59,2|60,3|60,1|61,2|61,0|63,2
55,32|55,33|54,32|56,32|56,31|55,31|55,29|55,28|56,28|57,29|56,30
55,32|55,33|54,32|56,32|56,31|55,31|55,30|55,29|55,28|56,28|57,29
55,32|55,33|54,32|56,31|55,31|55,30|55,28|56,28|57,28|57,32|56,29
19,14|20,15|20,14|20,13|21,13|21,14|21,15|22,15|19,16
60,2|60,3|61,2|62,2|61,0|59,1|59,3
89,6|89,7|88,7|88,6|90,7|90,6|88,4
60,2|60,3|60,1|61,2|62,2|58,2|60,0
55,32|55,33|54,32|56,32|56,31|55,31|55,29|55,28|57,29|57,30|56,29
109,6|109,7|108,7|108,8|109,8|111,9|110,7|112,8|111,8
60,2|59,2|61,2|62,2|61,0|60,0|59,3
60,2|59,2|60,3|60,1|61,2|63,2|61,0
19,14|20,15|20,14|20,13|21,13|21,14|21,15|22,15|19,16
60,2|60,3|61,2|62,2|61,0|60,0|59,3
60,2|60,3|61,2|62,2|61,0|60,0|59,3