43444444555455555444333333333344555554444455665554455566566678788777656656666777776666667776666565545555554567676666666666766777766667766655665554444445445445666666665655
33334444445454554444334433344444555544444555666555455566667778778767656666666777776666667766665566556665555667676666666666666666777667766655665554445455444455676666666655
33344444445555554443333333344444444444445555666665555566667778888777666767776676666667666665666666556655555666666666666666666667777777766655555444455555455556566666666665
44444444555555554433333333343334444544455555566666666666666778788766656766766666677677666766676666666555666677666656666777776666777777666555555554455555455556666666666666
44444445555555544433333333333344444555555555556566666666566778888766556677776666666666666666777777666665666776666666677777666667777776655545555554455556555566555567777766
44444455445544444444443444444444444545555555555566666655556678877766555666777666676676666666777877776666666776666666776666666667777766655555555554445555555666666667777777
44455555555545444444444444444444444544454554455556666655556667777665555566776666677777677777777877776666566776665666777776666667777766655555555554555555555666656666767777
44455566555544444555555554444444444554444444445455666655555666666655555556666666776777677778777777777666666676665667777766665666666666555555655554455556555666555566677777
55455566555444455566665555444444444444444444455444555555444555555554544556676666666667777777777777777666656676666667777766555666666655566666666655555555655565556666666666
44555565555445555555566665544444333443343444444444555555444444544445555555666777666677777776676677667666656666666666666666666666655555556666666665556655655666666666666666
45555555565555555555566665444333333333333444455544445555444444434444545555565666666667777776666666667666656666656565666666665666655555556666666665566665555555555666666667
44454555565555555545566665443333333433443444555444444444444444444444444555555566566666666666666666667666666666666566666666666665655555556666666665555655555555556666666666
44444455565565555444556655443333333333443444455444444444443334444434445555555555556556555665666666767776666666656565556666666666655555556666666666555655555554555666666666
33444445566665555554555555444444444444444444444444344444444444334444445554444455555555555666666676767666666666655555566777665655555555556566665555555555555544545566666667
44444555566666655555555555443334434444444455554443333434444443344444444444444445555554445566666666767676666656655556666777655555666555556666665555555555555554555566666667
34445555556666666666655555454444444444544444554443333434444444444455555555444555554444344556666777777766655666666666666666655555555555556666666655556565655655554455666667
34445555555565656665555555544444444444444434444443444444444444455555555555444444444344444555666666666666555555666666666666665555666655556566656655566666666655554555566666
33445554545555556666655555444444554554444444444443444444545555555555555555444544544444445556666776666666655556666666666666666656666655555555556665666676666666665665566666
44444444434444545555655555444444444444443444454444444444444556666666666655554554443344445556666666666666665566666666666665666666666655565565566666666677776666666666666666
44444444433444445555554555544444443444444444444443444444444556666666666654444555554444445555666666666666655566666666666666666666666666666565566666666677777666666666666666
44444333333443444555544444444344444444444444444444444444444556777766665554444455554454455666666666555666666666666666666666666676777666666565566666666677776666666777666666
44433333433343334455544444444334344555544445555444444454444556776666666554444555555544445666777766656656666777776666666666666666777766666665566666666666667666667767666666
44444444444443334444444444444333344445544544444444433444445556666766665555544555555555555666666666655555666677777666666666666666777766666666666666655566666666666666666666
44444444444443333444444333433333344445555544444444444455555556667766665555544445555555555666666677665555666677777766656666666566666665566666566666666666666666666666666666
43444443444443333444444333333333344444444444544555555555566556666766666666555554455666666666666677766666676667777666556666666566666655555555556655565666566666566566666666
33344443344343333444444333333333334444445555544445555666666655566776666665554554456666656665655677776666666667777766656666555556666665555555556655555666565566566666666667
44444444444344444444444433323333333344445555544455555555566656566666666655555554556666666655555677777666666566677766656556555555666665555555566655565666565565566666666666
44433443443344444555444433223333333344445555544445555555566655556777776655555555555666666655555677887766666666667666656656555455667666555556666666665655565555566666666666
55444444443333445555444433333334444444445554544455555556666656666677777665555655555666666666656677787766555556666666655555555555667776665555666665565655565566566666666766
55444455554333444444444444333444444455445455444455555556666666666667777665555555555555555566555567777766555555566666555555555556677776665566677776676666666555556666666666
55445455554333344444343334334445554455445455544455555555566667666667777665556665555555555555555566677666555555555666554444555556667666666655666676676666666666565666677776
54455455444333333443344444445556665455444455554555555556666656666666677665556665555555555555555555566666555555555556555554555566677777766655677766666666667666666666677777
54455455444333333443333344455566665555545555555555555666666666666655666655556665554555455556554455566555555444455555555544444456677667766666677776677777677777766666666777
55555444444444444433344344556666555565555555555555555555555555655555666555555655555555555555544444555555555555455555555444444456677666666666676676777777767777766666676767
55555444344344444444444444566665555555555565655555555555555555555555665544455555555555555555544444555455555555445555544444444455677667766666666666677776666677776666666666
44444444444344444344445455566666555555555566655555555555555555555544555444445555555555555555554544444444555554445555545445444456677767767766676666677777666667776667666666
45544443333334443344455555566666655555666666655555545555655556555555555444444444555455455555554444444444545444445454444444444445666666766776676676777676666667676666666566
44444433333344443334455666667666666665666776665555545555665555555555555444444445555444445444544444444444555554444444444445454556666666766666666666777776666666666777666566
34444433332333333333455566667666665655666776665555545555665555565555454444444444444444445444544444434444445444434445455555455566666667776666666666677676666666677776665566
33444433332333333334455566666666666665666776555555444455555555555554444454444444444444445444544444434444445444434444555656555667666667766666555666777666666777777776666666
33444432222333433333444555665555556666666666555455444455555444444554554454444444344445445444444444445444444444444445555656666667666666666655555666666666666777777776655566
33333433333343443333344555555555555666655655444444444555444444444444444455454444444444445444444444444444444444444445566666666777666656666655555666666666666777677676655556
33333333333343444333333445555444455555555554443333434444444444444444444444554444444455555554444344444444444544444455666666667777666666666666655666776666666677777776655666
33333333333343444333333445554444445555555444444333334434444444434444444445554444455555555444444344444434444544444455566667677776655555666766656667777666666677777776666666
33333333443333333333333444444433344455544444444334444434445544433434433444554444445555555555454454444444444544555555666666666776665555566667666667777666666667777776666666
33333344443333334333333344445444434444444444443333333333444444433434433444554444545555555555555555444344445544555555666666666676656565566666665666777666656666666666655555
32333344443333334334333334444444333344334344444333333333444443334444443444454444445566666666665555544444544544555566666666666566556566666666655666666655655566666666665555
