159,5|142,32|30,46|121,24|107,5|157,2|67,1|87,8|141,31|92,22
97,18|92,16|96,13|12,1|124,15|86,8|63,56|12,3
94,11|14,4|87,9|84,7|91,22|10,3|135,22|96,13|85,7
97,18|70,53|92,16|69,53|12,1|142,25|44,9|92,17
97,18|92,16|96,13|124,15|86,8|63,56|12,3|85,8
90,11|147,35|87,9|84,7|92,21|68,57|146,36|130,4|86,25
97,18|19,9|99,18|20,8|143,32|20,10|97,17|138,30
58,31|58,30|85,24|9,12|84,28|92,11|141,32|128,1|119,13|47,59
97,18|19,9|99,18|20,8|143,32|20,10|97,17|101,14
97,18|19,9|39,7|99,18|20,8|39,9|20,10|26,53
154,33|169,33|168,32|152,33|169,32|167,32|24,40|36,5
94,12|94,11|147,35|87,9|38,41|45,0|99,25|164,5|120,4
164,5|128,3|143,29|64,59|0,31|98,27|89,28|13,14|61,53|108,8|20,55
83,7|166,5|141,31|96,23|95,8|167,5|89,21|87,10
97,18|19,9|99,18|20,8|143,32|20,10|97,17|146,23
159,5|142,32|122,14|30,46|107,5|87,8|30,45|142,31|124,24|142,18
64,2|105,24|131,22|74,3|79,9|91,8|109,21|90,9
90,11|147,35|87,9|84,7|68,57|146,36|130,4|86,25|129,3
169,33|168,32|169,32|90,10|98,22|97,22|122,18|16,5
169,33|168,32|169,32|90,10|98,22|97,22|11,13|141,29
97,18|19,9|39,7|99,18|20,8|143,32|20,10|97,16
169,33|168,32|169,32|108,21|98,27|97,4|147,36|164,4
59,56|164,5|128,3|143,29|123,12|17,53|64,59|26,23|19,17|25,19|40,4
70,53|92,16|69,53|12,1|142,25|92,17|16,0|9,36
166,5|96,23|167,5|26,15|88,10|166,7|113,17|89,14
166,5|96,23|167,5|88,10|166,7|85,26|119,8|105,26
154,33|169,33|168,32|152,33|169,32|97,25|167,32|65,5
131,22|74,3|79,9|91,8|109,21|90,9|113,23|112,23
94,12|94,11|84,7|93,12|110,7|111,8|158,5|99,27|124,18
164,5|128,3|143,29|17,53|64,59|0,31|26,23|19,17|17,54|91,15|88,7
131,22|74,3|79,9|91,8|109,21|90,9|113,23|112,23
154,33|169,33|168,32|152,33|169,32|167,32|135,20|166,7
83,7|166,5|96,23|95,8|167,5|89,21|87,10|17,16
97,18|19,9|99,18|20,8|143,32|20,10|1,37|88,9
97,18|92,16|86,8|63,56|12,3|85,8|140,23|137,24
74,3|79,9|91,8|109,21|90,9|113,23|112,23|64,1
59,56|164,5|143,29|123,12|64,59|0,31|26,23|19,17|16,21|40,4|28,45
59,56|164,5|143,29|123,12|17,53|64,59|26,23|17,18|17,17|37,10|68,57
90,11|94,12|94,11|147,35|87,9|84,7|90,12|133,29|86,10
96,13|124,15|86,8|63,56|85,8|136,31|12,4|85,9
166,5|96,23|167,5|88,10|166,7|85,26|119,8|161,13
97,18|19,9|20,8|20,10|21,9|133,35|64,4|82,0
100,22|94,12|14,4|87,9|84,7|23,19|140,25|17,16|121,16
90,11|94,12|94,11|87,9|84,7|89,9|122,11|99,26|18,13
97,18|99,18|97,17|138,30|79,8|35,4|118,12|37,8
166,5|96,23|167,5|88,10|166,7|85,26|119,8|105,26
131,22|79,9|91,8|109,21|90,9|113,23|112,23|129,30
159,5|142,32|107,5|157,2|67,1|87,8|141,31|92,22|96,5|77,16
164,5|128,3|143,29|98,27|44,2|13,14|87,28|14,53|14,55|14,14|121,27
90,11|87,9|84,7|68,57|146,36|130,4|86,25|129,3|95,5
164,5|128,3|143,29|123,12|64,59|0,31|19,17|17,54|91,15|10,31|68,55
97,18|96,13|86,8|63,56|85,8|136,31|12,4|141,28
59,56|164,5|128,3|143,29|123,12|17,53|64,59|26,23|17,18|17,17|17,54
166,5|96,23|167,5|26,15|88,10|119,21|166,7|96,7
164,5|128,3|143,29|17,53|64,59|0,31|19,17|91,15|88,7|21,29|68,55
41,39|7,30|63,0|122,15|50,60|48,60|47,59|90,22|39,39|13,14
70,53|92,16|69,53|12,1|142,25|92,17|16,0|9,36
59,56|164,5|128,3|143,29|123,12|17,53|64,59|26,23|17,18|17,17|17,54
41,39|63,0|50,60|48,60|47,59|90,22|39,39|89,22|30,48|99,30
159,5|142,32|122,14|30,46|107,5|157,2|67,1|87,8|142,31|85,56
96,13|86,8|85,8|136,31|12,4|85,9|91,23|22,9
97,18|99,18|20,8|20,10|21,9|12,0|11,5|23,14
168,32|169,32|108,21|98,27|97,4|147,36|107,21|84,13
169,33|168,32|169,32|98,27|134,30|96,15|127,5|97,26
169,33|168,32|169,32|98,27|131,38|132,38|92,28|142,32
164,5|128,3|143,29|64,59|98,27|44,2|89,28|13,14|18,47|65,60|67,56
74,3|79,9|91,8|90,9|113,23|112,23|28,42|113,22
94,12|87,9|84,7|38,41|45,0|87,6|129,3|144,32|141,36
74,3|79,9|91,8|90,9|113,23|112,23|113,22|38,10
164,5|128,3|143,29|98,27|44,2|13,14|87,28|14,14|121,27|65,46|33,19
90,11|87,9|84,7|38,41|151,20|92,21|147,34|107,6|152,19
159,5|142,32|107,5|157,2|67,1|87,8|141,31|92,22|63,52|137,21
97,18|99,18|97,17|138,30|79,8|35,4|118,12|10,3
97,18|19,9|99,18|20,8|20,10|21,9|151,32|92,5
164,5|128,3|143,29|98,27|44,2|13,14|87,28|14,14|121,27|62,50|62,49
164,5|128,3|143,29|64,59|0,31|98,27|89,28|13,14|61,53|108,8|9,31
97,18|19,9|39,7|99,18|20,8|143,32|20,10|97,16
159,5|142,32|122,14|30,46|107,5|157,2|87,8|142,31|124,24|42,1
169,33|168,32|169,32|167,32|161,7|90,21|34,4|28,38
159,5|142,32|30,46|107,5|157,2|67,1|87,8|30,45|142,31|144,31
59,56|164,5|128,3|143,29|123,12|17,53|64,59|17,18|17,17|17,54|20,10
164,5|128,3|143,29|98,27|13,14|87,28|14,14|121,27|62,50|62,49|67,0
96,13|124,15|86,8|85,8|136,31|12,4|85,9|22,14
97,18|19,9|99,18|20,8|20,10|21,9|87,7|137,30
169,33|168,32|169,32|98,27|147,36|96,15|123,19|95,13
164,5|143,29|123,12|64,59|0,31|26,23|19,17|40,4|90,23|61,53|20,8
97,18|19,9|99,18|20,8|21,9|87,7|144,40|134,34
159,5|142,32|122,14|30,46|107,5|157,2|87,8|30,45|142,31|139,44
164,5|143,29|123,12|64,59|0,31|26,23|40,4|90,23|61,53|20,8|91,23
166,5|141,31|96,23|167,5|89,21|87,10|29,14|169,5
142,32|122,14|30,46|107,5|87,8|30,45|142,31|124,24|90,20|66,60
164,5|128,3|143,29|98,27|44,2|13,14|87,28|14,14|121,27|62,50|72,61
83,7|166,5|141,31|96,23|167,5|89,21|87,10|70,56
131,22|74,3|79,9|91,8|109,21|90,9|113,23|112,23
97,18|92,16|63,56|12,3|85,8|140,23|137,24|86,11
131,22|79,9|91,8|109,21|90,9|113,23|112,23|129,30
74,3|79,9|91,8|90,9|113,23|112,23|113,22|161,6
90,11|94,12|94,11|87,9|84,7|90,12|86,10|103,18|101,22
159,5|142,32|107,5|157,2|141,31|92,22|96,5|15,59|160,5|137,37
19,9|99,18|20,8|20,10|21,9|118,16|164,6|80,7
169,33|168,32|169,32|167,32|135,20|166,7|169,1|84,24
169,33|168,32|169,32|167,32|166,7|121,15|167,31|4,32
97,18|19,9|99,18|20,8|21,9|87,7|134,34|63,4
90,11|94,12|94,11|87,9|84,7|122,11|99,26|87,8|74,59
97,18|19,9|39,7|99,18|20,8|20,10|21,9|118,15
169,33|168,32|169,32|167,32|135,20|166,7|147,28|129,6
90,11|14,4|87,9|84,7|23,19|88,9|140,25|34,4|28,45
164,5|143,29|17,53|64,59|26,23|19,17|17,54|91,15|88,7|67,65|11,3
97,18|92,16|124,15|86,8|12,3|85,8|25,41|93,17