86,10|61,0|77,15|89,13|86,8|87,6|130,16|144,29|66,60|29,48
86,10|61,0|77,15|89,13|86,8|87,6|130,16|144,29|66,60|29,48
163,5|71,55|86,10|16,18|68,56|168,6|6,32|120,19|99,15|93,5
89,10|67,1|64,4|86,10|63,0|121,13|132,29|141,33
164,7|99,27|96,23|96,26|168,7|92,4|89,9|96,22
163,5|25,8|86,10|16,18|144,33|163,6|64,66|144,29|16,17|15,14
164,4|163,3|19,18|92,21|99,27|167,2|68,56|97,16|84,9
123,3|144,32|127,0|157,9|159,40|168,6|130,5|64,4|124,5
163,5|25,8|16,18|144,33|144,29|16,17|15,14|23,19|142,29|103,21
164,4|16,17|18,18|18,15|142,29|16,16|99,25|20,14|18,17
77,15|91,14|92,12|68,57|69,55|20,19|108,4|107,9|67,55|70,55|87,28|89,11
164,7|99,27|100,27|96,26|168,7|96,25|92,12|98,25
86,10|61,0|77,15|89,13|86,8|87,6|130,16|144,29|66,60|29,48
164,7|99,27|96,23|96,26|89,9|96,22|96,29|97,24
67,1|64,4|86,10|121,13|141,33|89,9|141,36|63,2
164,4|16,17|18,18|18,15|142,29|16,16|99,25|20,14|18,17
99,27|100,27|103,26|103,29|102,24|141,21|118,13|103,25
164,7|99,27|96,23|96,26|168,7|92,4|89,9|88,8
124,3|123,3|144,32|127,0|128,2|119,13|78,11|122,6|161,38
86,10|77,15|89,13|86,8|87,6|130,16|144,29|66,60|29,48|87,12
164,7|99,27|96,23|96,26|168,7|92,4|89,9|96,22
89,10|167,7|167,6|169,10|125,10|86,9|75,8|117,5
100,18|98,16|102,17|99,18|99,17|29,52|96,16|0,37
100,18|95,21|97,19|94,21|89,13|141,33|84,9|99,27
86,10|77,15|89,13|86,8|87,6|130,16|144,29|66,60|29,48|143,22
122,12|167,6|117,15|119,13|20,15|121,13|118,13|90,10
12,1|13,3|24,18|25,18|98,16|25,16|121,13|117,14
164,4|163,3|115,15|16,17|18,18|18,15|144,29|19,18|86,10
77,15|92,12|89,9|68,57|69,55|20,19|67,55|36,4|12,41|23,19|91,17|34,43
164,4|16,17|18,18|18,15|142,29|16,16|99,25|62,2|142,31
123,3|144,32|127,0|157,9|168,6|130,5|64,4|124,5|23,12
164,4|159,1|129,29|24,12|99,27|88,28|87,7|159,42|121,4
64,4|86,10|121,13|141,33|89,9|141,36|63,2|108,4
163,5|25,8|16,18|144,33|144,29|16,17|15,14|23,19|142,29|103,21
108,6|97,5|63,20|107,45|128,2|19,21|148,1|149,37|84,7|128,1
163,5|71,55|86,10|68,56|168,6|120,19|93,5|4,7|26,19|86,9
164,4|16,17|18,18|18,15|142,29|16,16|99,25|18,17|164,6
99,27|96,23|168,7|92,4|141,29|95,6|164,4|142,29
122,12|167,6|117,15|119,13|20,15|121,13|82,9|95,22
164,4|163,3|16,17|18,18|18,15|142,29|19,19|96,15|138,23
100,18|98,16|102,17|99,18|99,17|90,8|101,14|168,6
100,18|98,16|102,17|99,18|99,17|101,14|31,46|102,15
77,15|91,14|92,12|68,57|69,55|20,19|108,4|107,9|67,55|70,55|87,28|89,11
100,18|98,16|95,21|97,19|137,22|94,21|100,19|93,5
86,10|77,15|89,13|87,6|130,16|144,29|66,60|29,48|143,22|143,29
93,4|108,6|97,5|142,32|50,7|68,56|93,21|1,30|131,29|69,34
164,7|99,27|100,27|96,26|96,25|93,23|95,5|62,4
77,15|91,14|92,12|68,57|69,55|67,55|70,55|89,11|92,13|26,11|70,8|90,11
164,4|163,3|115,15|18,18|18,15|144,29|19,18|86,10|82,14
100,18|98,16|95,21|97,19|94,21|100,19|98,7|75,2
100,18|98,16|102,17|99,18|99,17|120,10|96,16|85,10
122,12|167,6|117,15|119,13|121,13|118,13|144,29|63,4
99,27|96,23|96,26|89,9|96,22|97,24|93,26|138,23
100,18|95,21|97,19|97,24|91,8|98,22|97,29|96,28
99,27|96,23|168,7|92,4|141,29|95,6|94,24|144,32
77,15|91,14|92,12|68,57|69,55|20,19|67,55|70,55|89,11|92,13|26,11|101,19
164,4|16,17|142,29|16,16|122,19|131,29|130,29|98,12|152,19
100,18|98,16|102,17|99,18|120,10|96,16|100,14|124,19
100,18|98,16|102,17|99,18|99,17|101,14|31,46|39,6
93,4|108,6|142,32|50,7|19,7|68,56|93,21|1,30|99,8|77,9
122,12|167,6|117,15|119,13|20,15|118,13|120,12|1,35
12,1|22,19|13,3|24,18|0,37|25,16|65,59|18,17
86,10|86,8|87,6|144,29|66,60|29,48|135,22|24,19|140,31|68,55
100,18|98,16|95,21|97,19|137,22|94,21|100,19|27,40
164,4|16,17|18,18|18,15|142,29|16,16|99,25|62,2|142,31
164,4|163,3|16,17|18,18|18,15|142,29|19,19|96,15|138,23
115,15|16,17|18,15|142,29|16,16|99,25|98,25|88,7|141,28
164,4|16,17|18,18|18,15|142,29|19,19|96,15|138,23|162,5
164,4|163,3|115,15|18,18|18,15|144,29|19,18|86,10|82,14
164,4|163,3|18,18|18,15|142,29|19,19|96,15|138,23|117,12
100,18|98,16|102,17|99,18|99,17|101,14|168,6|103,16
100,18|98,16|102,17|99,18|99,17|101,14|31,46|102,15
164,4|16,17|18,18|18,15|142,29|16,16|99,25|62,2|142,31
12,1|13,3|24,18|25,18|98,16|25,16|121,13|25,20
100,18|98,16|102,17|99,18|99,17|120,10|96,16|101,14
64,4|86,10|121,13|141,33|89,9|141,36|63,2|108,4
100,18|98,16|102,17|99,18|99,17|120,10|96,16|121,12
100,18|98,16|102,17|99,18|99,17|120,10|96,16|85,10
100,18|98,16|102,17|99,18|99,17|96,16|92,14|89,10
86,10|77,15|89,13|86,8|87,6|130,16|144,29|29,48|87,12|107,5
99,27|100,27|103,26|103,29|102,24|98,26|102,28|96,11
77,15|91,14|68,57|108,4|107,9|67,55|87,28|83,52|127,40|100,49|27,34|150,23
164,4|16,17|18,15|142,29|16,16|99,25|18,17|164,6|136,22
100,18|98,16|102,17|99,18|99,17|101,14|31,46|102,15
164,4|16,17|18,15|142,29|16,16|131,29|130,29|98,12|86,7
164,4|16,17|18,18|18,15|142,29|16,16|99,25|62,2|142,31
100,18|99,18|95,21|97,19|97,24|91,8|92,8|96,6
25,8|16,18|144,33|144,29|16,17|15,14|142,29|103,21|14,14|157,39
12,1|22,19|13,3|24,18|25,18|0,37|25,16|81,10
164,4|18,18|18,15|142,29|16,16|20,14|18,17|138,21|118,15
163,5|25,8|16,18|144,33|144,29|16,17|15,14|142,29|13,16|146,43
86,10|77,15|89,13|86,8|87,6|130,16|144,29|66,60|29,48|87,12
99,27|100,27|103,26|103,29|102,24|98,26|102,28|100,26
100,18|98,16|102,17|99,18|99,17|120,10|96,16|121,12
77,15|91,14|68,57|108,4|107,9|67,55|87,28|83,52|127,40|100,49|27,34|150,23
89,10|64,4|61,3|167,7|167,6|125,10|86,9|89,9
164,4|16,17|18,18|18,15|142,29|16,16|99,25|62,2|66,0
163,5|16,18|144,33|144,29|16,17|142,29|103,21|130,14|57,27|4,31
12,1|22,19|13,3|24,18|0,37|25,16|81,10|37,4
100,18|98,16|102,17|99,18|99,17|29,52|96,16|102,16
99,27|168,7|141,29|95,6|164,4|142,29|164,6|101,18
12,1|22,19|13,3|24,18|25,18|98,16|137,25|166,6
91,14|92,12|69,55|20,19|86,11|67,55|92,21|91,29|71,55|70,63|126,20|30,48
164,7|99,27|96,23|96,26|168,7|92,4|89,9|88,8
100,18|98,16|95,21|97,19|137,22|94,21|100,19|93,5
99,27|100,27|103,26|102,24|102,28|100,26|91,7|116,14
164,7|99,27|100,27|96,26|96,25|93,23|95,5|97,24
91,14|92,12|69,55|20,19|86,11|67,55|92,21|91,29|71,55|70,63|126,20|1,10
22,19|13,3|24,18|25,18|0,37|25,16|94,15|86,9
77,15|91,14|92,12|68,57|69,55|20,19|108,4|67,55|70,55|89,11|92,13|2,36
100,18|99,18|95,21|97,19|168,6|92,8|166,5|96,15
100,18|98,16|102,17|99,18|99,17|120,10|96,16|97,12
16,18|144,33|144,29|16,17|15,14|142,29|103,21|14,14|157,39|84,52
12,1|22,19|24,18|25,18|0,37|25,16|94,15|27,21
163,5|71,55|86,10|68,56|168,6|6,32|99,15|93,5|42,6|23,15
100,18|98,16|99,18|99,17|120,10|96,16|121,12|66,54
124,3|123,3|144,32|127,0|128,2|119,13|78,11|161,38|132,4
164,7|99,27|96,23|96,26|92,4|89,9|96,22|97,23
164,4|163,3|16,17|142,29|19,19|96,15|138,23|82,9|39,5
99,27|96,23|96,26|168,7|92,4|89,9|96,22|132,28
167,6|117,15|119,13|20,15|121,13|0,35|82,9|19,17
86,10|89,13|86,8|87,6|130,16|144,29|29,48|87,12|107,5|18,6
164,7|99,27|100,27|96,26|96,25|93,23|97,24|93,14
123,3|144,32|127,0|157,9|168,6|130,5|64,4|23,12|86,10
12,1|20,15|122,15|164,5|85,10|83,13|81,12|168,5
93,4|108,6|97,5|142,32|19,7|68,56|93,21|1,30|99,8|157,6
12,1|22,19|13,3|24,18|25,18|25,16|88,8|66,56
100,18|98,16|102,17|99,18|99,17|101,14|31,46|102,15
99,27|100,27|103,26|103,29|102,24|98,26|100,26|135,33
164,4|16,17|18,18|18,15|142,29|16,16|99,25|20,14|117,6
164,4|16,17|18,18|18,15|142,29|16,16|99,25|20,14|18,17
77,15|91,14|92,12|68,57|69,55|67,55|70,55|89,11|26,11|70,8|90,11|120,17
77,15|91,14|92,12|68,57|69,55|67,55|70,55|89,11|92,13|90,11|104,61|31,14
122,12|167,6|117,15|119,13|20,15|118,13|120,12|16,17
108,6|97,5|63,20|107,45|128,2|148,1|84,7|128,1|107,9|48,67
77,15|91,14|92,12|68,57|69,55|20,19|67,55|70,55|151,25|127,37|93,21|88,28
100,18|98,16|102,17|99,18|99,17|101,14|31,46|102,15
99,27|100,27|103,26|103,29|102,24|98,26|102,28|96,11
100,18|98,16|99,18|99,17|120,10|96,16|121,12|97,22
91,14|92,12|89,9|6,46|69,55|20,19|86,11|67,56|67,55|92,21|24,8|22,24
99,27|100,27|103,26|103,29|102,24|102,28|100,26|34,12
89,9|68,57|69,55|20,19|108,4|127,41|68,55|18,8|18,18|130,29|11,7|17,18
99,18|95,21|97,19|97,24|168,6|166,5|139,23|87,7
99,27|100,27|103,26|103,29|102,24|141,21|118,13|103,25
123,3|144,32|127,0|157,9|168,6|130,5|64,4|124,5|23,12
100,18|98,16|102,17|99,18|99,17|101,14|31,46|102,15
163,5|16,18|144,33|144,29|16,17|15,14|142,29|103,21|130,14|28,45
67,1|64,4|86,10|63,0|121,13|132,29|141,33|89,10
89,10|64,4|61,3|167,7|167,6|169,10|86,9|100,66
77,15|91,14|92,12|68,57|69,55|20,19|70,55|89,11|92,13|101,19|62,57|20,5
99,27|100,27|103,26|103,29|98,26|102,28|100,26|112,22
77,15|91,14|92,12|68,57|69,55|20,19|67,55|70,55|89,11|92,13|2,36|35,39
91,14|92,12|89,9|6,46|20,19|86,11|67,56|67,55|92,21|29,47|2,44|64,59
86,10|61,0|77,15|86,8|87,6|130,16|144,29|66,60|29,48|91,22
100,18|98,16|102,17|99,18|99,17|101,14|31,46|102,15
167,6|117,15|119,13|20,15|121,13|118,13|166,6|62,61
164,4|16,17|18,15|16,16|131,29|130,29|98,12|66,2|166,6
100,18|99,18|99,17|101,14|168,6|103,16|137,36|166,5
99,27|100,27|96,26|96,25|93,23|95,5|62,4|136,56
164,4|159,1|129,29|24,12|99,27|88,28|87,7|159,42|121,4
164,4|163,3|18,18|18,15|144,29|19,18|86,10|82,14|40,5
100,27|103,26|103,29|102,24|98,26|102,28|100,26|89,21
123,3|144,32|127,0|157,9|168,6|130,5|64,4|23,12|86,10