24,19|13,17|18,16|29,34|22,9|21,9|17,10|24,9|18,18|24,10|18,14|67,52
43,40|18,16|29,34|22,9|21,9|17,10|24,9|17,7|19,20|19,9|6,8|55,28
99,23|92,21|91,15|98,16|90,20|91,20|98,15|119,13|69,54
24,19|18,16|21,9|17,10|67,55|22,20|20,10|23,15|40,5|23,14|19,20|17,20
99,23|92,21|91,15|98,16|91,20|98,15|119,13|24,11|167,6
96,14|122,14|96,15|84,10|96,21|86,10|25,19|95,16
96,13|92,10|93,14|88,12|87,8|81,14|88,7|97,15
18,16|29,34|22,9|21,9|24,16|17,10|67,55|24,9|35,41|18,21|60,57|20,9
99,23|92,21|91,15|98,16|91,20|98,15|119,13|117,9|100,21
24,19|18,16|29,34|22,9|21,9|24,16|17,10|24,9|18,18|15,17|42,5|52,7
62,6|24,19|27,34|18,16|29,34|28,45|17,53|16,17|44,0|42,6|14,14|86,28
24,19|18,16|22,9|21,9|24,16|17,10|17,7|15,17|17,20|39,5|33,0|19,10
99,23|92,21|91,15|98,16|91,20|98,15|119,13|167,6|60,55
92,21|91,15|98,16|90,20|91,20|98,15|119,13|69,54|121,10
137,26|87,12|20,19|86,10|121,13|167,5|12,1|167,1
118,14|86,10|121,13|143,31|81,7|96,23|93,24|96,16
24,19|18,16|22,9|21,9|24,16|17,10|17,7|15,17|17,20|39,5|33,0|19,10
122,15|96,15|123,9|118,14|122,14|119,13|124,12|96,20
92,21|91,15|98,16|90,20|91,20|98,15|119,13|69,54|121,10
93,13|84,16|91,15|87,7|82,9|83,13|97,19|118,12|87,10
93,13|99,23|92,21|91,15|91,14|82,9|83,13|94,20|90,20
99,23|92,21|91,15|98,16|91,20|98,15|119,13|24,11|167,6
43,40|18,16|29,34|22,9|21,9|17,10|67,55|24,9|35,41|18,21|108,5|18,19
99,23|92,21|91,15|98,16|90,20|98,15|119,13|141,28|89,22
100,19|141,28|86,9|69,55|88,10|119,13|68,55|83,10|18,21|138,28
100,19|86,9|69,55|88,10|89,11|68,55|61,56|101,20|93,23|97,18
24,19|18,16|22,9|21,9|24,16|17,10|17,7|15,17|17,20|39,5|33,0|19,10
92,21|91,15|98,16|90,20|91,20|98,15|119,13|69,54|121,10
93,13|84,16|91,15|87,7|82,9|83,13|97,19|118,12|87,10
24,19|18,16|21,9|17,10|67,55|22,20|20,10|23,15|40,5|23,14|19,20|17,20
99,23|92,21|91,15|90,20|15,3|91,20|98,15|119,13|86,11
24,19|18,16|21,9|17,10|22,20|20,10|23,15|40,5|23,14|19,20|17,20|29,48
43,40|29,34|22,9|21,9|17,10|24,9|19,20|19,9|6,8|55,28|70,13|42,39
93,13|92,21|91,15|86,10|91,14|94,11|94,21|91,26|95,23
93,13|99,23|92,21|91,14|87,7|82,9|86,10|96,25|100,19
122,15|96,15|118,14|122,14|119,13|169,6|166,7|163,4
18,16|29,34|22,9|21,9|17,10|67,55|24,9|35,41|18,21|60,57|91,29|101,19
99,23|92,21|91,14|87,7|82,9|86,10|96,25|120,7|105,24
100,19|141,28|86,9|69,55|88,10|119,13|68,55|83,10|78,15|83,13
118,14|86,10|121,13|143,31|81,7|96,23|96,16|102,19
24,19|13,17|18,16|29,34|22,9|21,9|17,10|24,9|24,10|6,7|36,33|71,55
24,19|18,16|29,34|22,9|21,9|24,16|17,10|24,9|18,18|15,17|42,5|36,33
24,19|13,17|18,16|29,34|22,9|21,9|17,10|24,9|18,18|24,10|18,14|67,52
118,14|86,10|121,13|143,31|81,7|96,23|93,24|96,16
62,6|24,19|27,34|18,16|29,34|28,45|17,53|16,17|44,0|14,14|0,29|18,8
24,19|18,16|29,34|22,9|21,9|17,10|24,9|18,18|24,10|19,10|14,13|19,1
118,14|122,14|96,15|84,10|96,21|136,26|63,57|97,17
96,14|122,14|96,15|84,10|96,21|86,10|25,19|95,16
92,21|91,15|98,16|90,20|98,15|119,13|141,28|89,22|19,17
100,19|86,9|69,55|88,10|119,13|29,49|22,14|17,16|26,19|86,10
99,23|92,21|90,20|15,3|91,20|98,15|119,13|86,11|29,49
81,10|122,15|118,14|122,14|119,13|124,12|98,27|120,15
24,19|27,34|18,16|29,34|28,45|92,12|16,17|44,0|42,6|7,30|88,7|17,53
96,13|92,10|93,14|88,12|87,8|81,14|88,7|97,15
137,26|118,14|87,12|20,19|86,10|121,13|95,15|95,16
43,40|27,34|29,34|19,8|105,61|62,20|53,6|44,2|89,28|92,21|14,14|102,50
122,15|118,14|122,14|119,13|124,12|98,27|120,15|100,15
86,9|69,55|88,10|89,11|91,10|68,55|101,20|93,23|88,11|87,7
92,21|91,15|98,16|90,20|91,20|98,15|119,13|69,54|121,10
18,16|22,9|21,9|24,16|67,55|24,9|18,21|0,30|64,59|90,21|7,30|16,15
81,10|122,15|96,15|123,9|118,14|122,14|119,13|81,7
81,10|122,15|96,15|118,14|122,14|119,13|80,7|90,22
81,10|122,15|96,15|123,9|122,14|119,13|141,31|99,15
96,15|86,11|91,13|87,11|95,15|88,21|82,13|86,9
99,23|92,21|91,15|98,16|91,20|98,15|119,13|167,6|157,6
141,28|69,55|88,10|119,13|29,49|22,14|81,13|92,21|19,16|36,5
27,34|29,34|48,59|89,10|107,5|69,55|13,14|70,56|89,20|39,40|44,0|156,6
92,21|91,15|98,16|90,20|91,20|98,15|119,13|69,54|121,10
24,19|18,16|29,34|22,9|21,9|24,16|24,9|18,18|65,59|34,1|80,17|50,7
100,19|141,28|86,9|69,55|88,10|119,13|68,55|119,8|36,4|92,21
100,19|141,28|86,9|88,10|119,13|89,11|91,10|68,55|77,13|92,21
100,19|86,9|69,55|88,10|119,13|68,55|83,10|78,15|83,13|61,56
43,40|27,34|29,34|19,8|62,20|53,6|44,2|29,33|89,28|92,21|90,42|31,6
96,13|92,10|93,14|88,12|87,8|88,7|97,15|92,11
93,13|99,23|92,21|91,14|87,7|86,10|96,25|100,19|167,6
122,15|96,15|123,9|118,14|122,14|119,13|124,12|166,6
99,23|92,21|90,20|15,3|91,20|98,15|119,13|86,11|29,49
141,28|69,55|88,10|119,13|29,49|22,14|81,13|92,21|19,16|36,5
43,40|27,34|29,34|19,8|62,20|53,6|44,2|29,33|89,28|92,21|90,42|53,29
100,19|141,28|86,9|88,10|119,13|89,11|91,10|68,55|92,21|88,21
43,40|27,34|29,34|19,8|1,10|62,20|53,6|44,2|29,33|15,13|38,42|51,60
43,40|29,34|48,59|89,10|107,5|69,55|13,14|70,56|89,46|89,20|39,40|77,28
84,16|91,15|87,7|82,9|83,13|118,12|87,10|87,9|85,7
43,40|27,34|29,34|19,8|62,20|53,6|44,2|29,33|89,28|92,21|24,29|44,43
43,40|27,34|29,34|19,8|62,20|53,6|44,2|29,33|89,28|92,21|90,42|31,6
100,19|86,9|69,55|88,10|119,13|29,49|22,14|17,16|26,19|86,10
24,19|18,16|29,34|22,9|21,9|17,10|24,9|18,18|24,10|19,10|14,13|31,18
43,40|27,34|29,34|48,59|89,10|107,5|69,55|70,56|89,46|89,20|39,40|66,60
24,19|18,16|22,9|21,9|17,10|24,9|24,10|36,33|71,55|28,33|69,61|12,14
86,9|69,55|88,10|89,11|91,10|68,55|93,23|88,11|87,7|62,57
122,15|96,15|118,14|122,14|119,13|124,12|125,19|125,12
43,40|27,34|29,34|19,8|1,10|62,20|53,6|44,2|29,33|15,13|38,42|51,60
24,19|18,16|22,9|21,9|24,16|17,7|15,17|17,20|39,5|12,17|20,19|24,22
43,40|27,34|48,59|89,10|107,5|69,55|70,56|89,46|89,20|39,40|66,60|68,54
24,19|27,34|18,16|29,34|28,45|17,53|16,17|44,0|42,6|14,14|141,29|80,19
100,19|141,28|86,9|119,13|89,11|91,10|68,55|91,14|122,14|78,15
99,23|92,21|91,15|98,16|91,20|98,15|119,13|117,9|100,21
43,40|27,34|29,34|48,59|89,10|107,5|69,55|13,14|70,56|89,20|39,40|47,10
24,19|27,34|18,16|29,34|28,45|26,33|17,53|16,17|44,0|42,6|19,17|18,15
43,40|27,34|29,34|48,59|89,10|107,5|69,55|13,14|70,56|89,20|39,40|27,33
120,16|107,4|118,8|107,5|110,6|102,8|131,4|127,4|116,5
122,15|96,15|123,9|118,14|122,14|119,13|124,12|130,21
93,13|99,23|92,21|91,14|87,7|82,9|86,10|96,25|100,19
118,14|86,10|121,13|143,31|81,7|96,23|96,16|102,19
24,19|27,34|18,16|29,34|28,45|26,33|17,53|16,17|44,0|19,17|18,15|61,55
137,26|118,14|87,12|86,10|121,13|81,15|84,10|98,18
99,23|92,21|91,15|98,16|91,20|98,15|119,13|24,11|167,6
24,19|18,16|21,9|17,10|22,20|20,10|23,15|40,5|23,14|19,20|17,20|29,48
92,21|91,15|90,20|15,3|91,20|98,15|119,13|86,11|86,14
141,28|86,9|69,55|88,10|119,13|68,55|83,10|78,15|83,13|39,5
43,40|27,34|29,34|19,8|62,20|53,6|29,33|89,28|92,21|38,30|18,16|1,10
100,19|141,28|86,9|69,55|88,10|119,13|93,22|29,48|70,54|86,10
122,15|96,15|118,14|122,14|119,13|124,12|96,20|93,22
43,40|27,34|29,34|48,59|89,10|107,5|69,55|13,14|70,56|89,20|39,40|47,10
43,40|13,17|18,16|29,34|22,9|21,9|67,55|24,9|35,41|18,21|80,17|19,17
24,19|18,16|21,9|17,10|20,10|23,15|40,5|23,14|19,20|17,20|25,21|4,2
137,26|118,14|86,10|121,13|81,15|84,10|98,18|91,16
99,23|92,21|91,15|90,20|15,3|91,20|98,15|119,13|86,11
93,13|92,21|91,15|86,10|91,14|94,11|88,13|84,6|93,3
99,23|92,21|91,15|91,20|98,15|119,13|86,11|139,31|92,22
99,23|92,21|91,15|91,20|98,15|119,13|24,11|167,6|88,8
43,40|27,34|29,34|19,8|62,20|53,6|44,2|29,33|89,28|92,21|53,29|24,29
122,15|96,15|118,14|122,14|119,13|124,12|125,19|125,12
93,13|99,23|92,21|91,14|82,9|83,13|94,20|90,20|98,21
43,40|29,34|48,59|89,10|107,5|69,55|70,56|89,20|39,40|77,28|66,38|70,53
99,23|92,21|91,15|98,16|91,20|98,15|119,13|100,21|103,19
99,23|92,21|91,14|87,7|86,10|96,25|120,7|132,31|94,22
24,19|18,16|29,34|22,9|21,9|24,16|24,9|18,18|65,59|80,17|50,7|24,11
93,13|92,21|91,15|86,10|91,14|94,11|97,15|88,28|87,8
24,19|18,16|29,34|22,9|21,9|24,9|18,18|24,10|19,10|14,13|19,1|68,55
24,19|27,34|18,16|29,34|28,45|17,53|16,17|44,0|42,6|14,14|141,29|80,19
99,23|92,21|91,14|82,9|83,13|94,20|90,20|98,21|164,6
24,19|18,16|29,34|22,9|21,9|24,16|17,10|18,18|65,59|66,62|5,39|16,17
24,19|18,16|22,9|21,9|17,10|24,9|24,10|36,33|71,55|28,33|69,61|12,14
43,40|27,34|29,34|19,8|62,20|53,6|44,2|29,33|89,28|92,21|90,42|0,30
43,40|27,34|29,34|48,59|89,10|107,5|69,55|89,46|89,20|39,40|66,60|56,25
99,23|92,21|91,15|98,16|91,20|98,15|119,13|24,11|167,6
92,21|91,15|98,16|90,20|91,20|98,15|119,13|69,54|121,10
99,23|92,21|90,20|15,3|91,20|98,15|119,13|86,11|29,49
81,10|122,15|96,15|123,9|118,14|122,14|119,13|81,7
81,10|122,15|96,15|123,9|122,14|119,13|141,31|99,15
43,40|27,34|29,34|19,8|62,20|53,6|44,2|29,33|89,28|92,21|90,42|56,40
24,19|18,16|29,34|22,9|21,9|17,10|24,9|18,18|24,10|19,10|14,13|3,7
99,23|92,21|91,15|98,16|90,20|98,15|119,13|141,28|89,22
118,14|86,10|121,13|143,31|81,7|96,23|93,24|96,16
99,23|92,21|15,3|91,20|98,15|119,13|86,11|29,49|97,23
99,23|92,21|91,15|91,20|98,15|119,13|24,11|167,6|88,8
99,23|92,21|91,15|91,14|82,9|83,13|94,20|90,20|92,13
100,19|141,28|86,9|88,10|119,13|89,11|91,10|68,55|77,13|92,21
100,19|141,28|86,9|88,10|119,13|89,11|91,10|68,55|92,21|87,28
141,28|86,9|69,55|88,10|119,13|68,55|83,10|78,15|83,13|39,5
24,19|18,16|29,34|22,9|21,9|24,16|24,9|18,18|65,59|80,17|67,57|19,21
43,40|27,34|29,34|48,59|89,10|107,5|69,55|13,14|70,56|39,40|27,33|58,1
120,16|107,4|118,8|107,5|110,6|131,4|127,4|116,5|123,19
122,15|96,15|118,14|122,14|119,13|124,12|93,22|116,13
96,14|122,14|96,15|84,10|96,21|86,10|95,16|18,17
43,40|27,34|29,34|19,8|62,20|53,6|44,2|29,33|89,28|92,21|56,40|48,49
24,19|18,16|21,9|17,10|22,20|20,10|23,15|23,14|19,20|17,20|11,25|21,8
100,19|141,28|86,9|119,13|89,11|91,10|68,55|91,14|122,14|78,15
118,14|86,10|121,13|143,31|81,7|96,23|96,16|102,19
100,19|141,28|86,9|69,55|88,10|119,13|89,11|91,10|68,55|99,15
99,23|92,21|91,15|98,16|91,20|98,15|119,13|24,11|98,21
118,14|86,10|121,13|143,31|81,7|96,23|93,24|96,16
92,21|91,15|90,20|91,20|98,15|119,13|69,54|121,10|122,15
141,28|69,55|88,10|119,13|29,49|22,14|81,13|92,21|19,16|36,5
43,40|27,34|29,34|19,8|62,20|53,6|29,33|89,28|92,21|18,16|19,53|68,64
99,23|92,21|91,15|98,16|91,20|98,15|119,13|167,6|60,55
43,40|27,34|29,34|48,59|89,10|107,5|69,55|13,14|70,56|89,20|39,40|47,10
24,19|13,17|22,9|21,9|17,10|67,55|90,11|68,55|91,15|101,19|15,15|16,17
43,40|27,34|29,34|48,59|89,10|107,5|69,55|13,14|70,56|39,40|27,33|85,7
62,6|24,19|27,34|18,16|29,34|28,45|17,53|16,17|44,0|14,14|0,29|18,8
43,40|27,34|29,34|19,8|62,20|53,6|44,2|29,33|89,28|92,21|53,29|19,46
24,19|18,16|29,34|22,9|21,9|24,16|24,9|18,18|65,59|80,17|67,57|19,21
81,10|122,15|96,15|118,14|122,14|119,13|136,26|90,20
100,19|141,28|86,9|69,55|88,10|119,13|68,55|78,15|83,13|91,17
99,23|92,21|98,27|93,22|100,13|85,26|87,28|100,27|97,16
29,34|48,59|89,10|107,5|69,55|13,14|70,56|89,20|39,40|44,0|67,55|90,13
43,40|27,34|29,34|19,8|62,20|53,6|29,33|89,28|92,21|38,30|18,16|45,44
43,40|27,34|29,34|19,8|62,20|53,6|89,28|92,21|38,30|18,16|1,10|44,0
86,9|69,55|88,10|89,11|91,10|68,55|101,20|93,23|88,11|87,7
100,19|141,28|86,9|88,10|119,13|89,11|91,10|68,55|92,21|88,21
24,19|18,16|29,34|22,9|21,9|17,10|24,9|18,18|24,10|19,10|14,13|31,18
24,19|18,16|29,34|22,9|21,9|24,16|24,9|18,18|65,59|50,7|19,18|20,23
24,19|13,17|22,9|21,9|17,10|67,55|90,11|68,55|91,15|15,15|16,17|28,45
109,7|107,4|118,8|107,5|110,6|102,8|99,8|99,26|113,25
118,14|122,14|96,15|84,10|96,21|97,17|65,60|123,11
93,13|92,21|91,15|86,10|91,14|94,11|94,21|91,26|89,13
81,10|122,15|96,15|123,9|118,14|119,13|82,10|166,6
29,34|48,59|89,10|107,5|69,55|13,14|70,56|89,20|44,0|156,6|67,55|108,3
141,28|86,9|69,55|88,10|119,13|68,55|83,10|83,13|39,5|62,59
99,23|92,21|91,15|98,16|91,20|98,15|119,13|167,6|60,55
100,19|141,28|86,9|88,10|119,13|91,10|68,55|83,10|20,19|89,19
24,19|27,34|18,16|28,45|17,53|16,17|44,0|42,6|14,14|141,29|80,19|13,14
137,26|87,12|20,19|86,10|121,13|167,5|12,1|82,13
93,13|84,16|99,23|92,21|91,14|87,7|86,10|96,25|88,11
24,19|18,16|22,9|17,10|24,9|18,18|19,10|14,13|23,21|34,7|18,8|19,17
96,13|92,10|93,14|88,12|87,8|81,14|88,7|97,15
24,19|18,16|29,34|22,9|21,9|17,10|24,9|18,18|24,10|19,10|14,13|50,7
96,13|92,10|92,7|81,14|88,7|86,9|89,12|86,10
43,40|27,34|29,34|19,8|62,20|53,6|44,2|29,33|89,28|92,21|14,27|44,8
18,16|22,9|21,9|24,16|67,55|24,9|18,21|64,59|90,21|68,55|16,8|35,6
43,40|27,34|29,34|48,59|89,10|107,5|69,55|70,56|89,20|39,40|47,10|79,19
122,15|96,15|118,14|122,14|119,13|124,12|116,13|120,18
96,13|90,25|93,14|88,12|93,17|85,10|92,13|87,8
99,23|92,21|15,3|91,20|98,15|119,13|86,11|29,49|97,23
24,19|18,16|21,9|17,10|22,20|20,10|23,15|40,5|23,14|19,20|17,20|29,48
24,19|13,17|22,9|21,9|17,10|90,11|68,55|91,15|15,15|16,17|28,45|20,8
99,23|92,21|90,20|15,3|91,20|98,15|119,13|86,11|29,49
27,34|29,34|48,59|89,10|107,5|69,55|13,14|70,56|89,20|39,40|47,10|42,14
96,15|86,11|91,13|87,11|95,15|88,21|93,14|99,17
122,15|96,15|118,14|122,14|119,13|124,12|116,13|88,11
100,19|141,28|86,9|88,10|119,13|89,11|91,10|68,55|92,21|88,21
24,19|18,16|22,9|21,9|24,9|24,10|36,33|71,55|28,33|69,61|12,14|157,9
24,19|18,16|29,34|22,9|21,9|24,16|24,9|18,18|65,59|80,17|67,57|19,21
24,19|18,16|22,9|21,9|24,16|17,7|47,6|17,20|39,5|20,19|18,19|17,18
24,19|18,16|22,9|24,16|17,10|17,7|17,20|33,0|15,20|18,20|20,10|19,20
43,40|27,34|29,34|48,59|89,10|107,5|69,55|13,14|70,56|39,40|85,7|13,34
93,13|99,23|92,21|91,14|82,9|83,13|94,20|90,20|98,21
43,40|27,34|29,34|19,8|62,20|53,6|29,33|89,28|92,21|53,29|19,46|24,10
24,19|18,16|22,9|21,9|24,16|17,7|15,17|17,20|16,14|16,20|18,2|34,5
100,19|141,28|86,9|69,55|88,10|119,13|91,10|68,55|99,15|35,3
24,19|13,17|22,9|21,9|17,10|68,55|91,15|15,15|16,17|28,45|20,8|33,40
24,19|18,16|29,34|22,9|21,9|24,16|17,10|24,9|18,18|15,17|42,5|52,7
122,15|96,15|118,14|122,14|119,13|166,7|163,4|96,22
92,21|91,15|90,20|91,20|98,15|91,19|95,13|88,12|87,10
92,21|90,20|91,20|98,15|119,13|69,54|121,10|122,15|122,12
18,16|22,9|21,9|24,16|15,17|17,20|39,5|20,19|26,18|17,23|19,22|20,8
100,19|86,9|88,10|119,13|91,10|68,55|83,10|20,19|89,19|91,20
43,40|27,34|29,34|48,59|89,10|107,5|69,55|13,14|70,56|39,40|85,7|61,52
100,19|141,28|86,9|69,55|88,10|119,13|14,14|68,55|83,10|92,21
100,19|141,28|86,9|88,10|119,13|89,11|91,10|68,55|92,21|33,5
93,13|92,21|91,15|86,10|91,14|94,11|94,21|89,13|116,18
96,13|93,14|93,17|89,9|84,7|80,7|81,14|87,10
43,40|27,34|29,34|19,8|62,20|53,6|44,2|89,28|92,21|90,42|56,40|84,28
100,19|141,28|86,9|88,10|119,13|89,11|91,10|68,55|92,21|88,21
27,34|29,34|48,59|89,10|107,5|69,55|13,14|70,56|89,20|47,10|42,14|37,41
18,16|22,9|21,9|24,16|17,20|39,5|20,19|26,18|17,23|19,22|20,8|19,8
20,19|86,10|121,13|95,15|12,1|66,56|84,13|5,39
122,15|96,15|123,9|118,14|122,14|119,13|124,12|96,20
24,19|18,16|22,9|21,9|24,16|17,7|15,17|17,20|39,5|20,19|18,19|30,46
81,10|122,15|96,15|123,9|122,14|119,13|141,31|99,15
99,23|92,21|91,15|98,27|93,22|100,13|120,10|116,7|93,10
96,13|92,10|92,7|88,7|86,9|86,10|87,6|95,3
24,19|18,16|29,34|22,9|21,9|24,16|24,9|18,18|65,59|12,17|39,5|21,21
118,14|86,10|121,13|143,31|81,7|96,23|96,16|102,19
137,26|118,14|87,12|86,10|121,13|81,15|84,10|98,18
118,14|122,14|96,15|84,10|96,21|136,26|63,57|97,17
99,23|92,21|91,15|91,20|98,15|119,13|86,11|139,31|92,22
92,21|91,15|90,20|91,20|98,15|119,13|121,10|122,15|19,19
92,21|91,15|98,16|90,20|98,15|119,13|69,54|19,17|37,4
96,15|86,11|91,13|87,11|95,15|88,21|82,13|86,9
92,21|91,15|90,20|15,3|91,20|98,15|119,13|86,11|86,14
43,40|27,34|48,59|89,10|107,5|69,55|13,14|70,56|39,40|27,33|85,7|24,21
24,19|18,16|22,9|17,10|24,9|18,18|19,10|14,13|23,21|18,8|19,17|15,13
24,19|18,16|21,9|17,10|22,20|20,10|23,15|23,14|19,20|17,20|21,8|11,35
18,16|29,34|22,9|21,9|24,16|24,9|18,18|65,59|80,17|67,57|19,21|29,48
29,34|48,59|89,10|107,5|69,55|13,14|70,56|89,20|44,0|156,6|67,55|108,3
24,19|18,16|22,9|21,9|15,17|17,20|39,5|33,0|26,16|102,20|19,10|16,17
100,19|141,28|86,9|88,10|119,13|89,11|91,10|68,55|99,15|5,41
100,19|141,28|86,9|88,10|119,13|89,11|91,10|68,55|92,21|88,21
24,19|18,16|22,9|17,10|18,18|19,10|14,13|23,21|34,7|18,8|19,17|25,23
24,19|18,16|22,9|21,9|24,16|17,7|17,20|16,14|16,20|18,2|34,5|18,7
100,19|141,28|86,9|119,13|89,11|91,10|68,55|92,21|88,21|92,11
24,19|18,16|22,9|24,16|24,9|18,18|24,12|20,22|30,21|14,14|25,9|35,7
99,23|92,21|91,15|91,14|82,9|83,13|94,20|90,20|80,13