47,60|56,47|40,43|74,41|64,29|167,49|62,20|136,5|101,36|96,59
38,26|81,33|60,39|82,35|63,31|12,11|12,28|56,52|95,13
58,29|109,38|49,24|17,65|158,63|43,4|108,53|3,61|169,47|68,33
3,49|0,63|76,22|107,3|159,6|145,6|57,46|123,16|79,55|74,28|52,44
83,53|130,21|114,12|57,45|5,63|10,26|161,61|45,68|9,7|118,4
83,3|26,26|34,27|69,42|117,14|144,66|165,37|52,32|91,2
70,55|151,16|63,35|132,62|33,50|1,69|114,57|51,63|166,50|130,0
87,69|1,9|138,61|40,46|100,26|143,5|130,53|25,26|71,49
130,47|31,51|3,58|31,5|160,27|68,13|165,45|51,65|72,43|153,45
164,22|69,60|14,19|18,32|136,14|18,63|18,56|72,11|141,30|38,13
115,60|31,45|47,14|144,2|74,20|44,39|101,55|141,38|87,55|40,69
103,67|90,37|82,30|53,27|65,61|169,35|66,44|36,40|92,68|77,28
21,35|89,5|138,3|62,31|123,19|117,11|2,21|143,15|3,55
61,18|107,42|125,53|98,3|20,61|142,55|65,30|27,20|116,2
151,14|17,43|23,30|106,69|45,4|66,9|81,31|65,66|72,68
35,21|60,26|141,9|19,5|46,54|61,11|124,48|61,37|75,52|114,22
80,62|146,65|29,44|1,51|59,43|105,48|83,19|146,33|27,29|100,62
110,33|13,5|98,7|141,44|74,15|39,1|109,17|24,69|34,29
50,11|99,44|14,43|37,51|154,25|111,27|162,8|61,54|145,4
82,65|37,48|81,6|117,31|27,68|128,21|23,62|137,64|96,63
71,54|102,24|68,51|153,57|15,34|12,7|138,66|161,61|160,30|80,53
114,6|112,18|1,22|149,32|90,53|160,34|17,10|38,57|165,15
168,21|75,47|149,31|149,41|109,30|165,34|19,35|51,23
72,26|110,40|46,19|57,51|43,50|22,43|18,63|147,29|30,2|42,50
169,1|34,43|169,66|3,46|127,21|32,56|4,60|138,17|91,22
98,7|96,15|2,9|74,64|74,23|118,42|87,40|74,37|71,28
140,43|86,5|29,61|143,48|45,61|153,33|66,53|22,5|89,39
114,8|164,64|47,39|38,23|137,14|79,33|54,48|80,65|59,18
147,68|148,55|159,6|23,24|33,46|91,9|25,60|20,64|15,6|67,17
100,14|120,1|22,50|69,6|130,13|17,36|12,40|114,10|147,5
7,18|111,67|157,7|1,26|55,12|108,12|17,40|89,50|82,48
33,32|22,47|132,67|108,15|34,27|59,64|64,47|120,49|159,18|147,63
112,1|90,54|4,4|111,8|6,57|86,37|35,2|141,61|21,46|119,33
168,29|42,3|165,31|3,36|65,19|113,34|45,67|80,26|59,54
22,41|67,32|70,32|0,63|46,18|87,64|41,53|86,68|3,15|167,69
87,5|168,62|149,4|31,20|137,5|47,7|101,33|155,44|98,68
70,69|122,28|28,68|143,1|59,12|139,42|75,31|130,26|59,45|158,35
67,8|72,17|89,26|85,42|91,48|4,47|130,16|48,56|163,53|138,51
163,47|61,11|71,39|29,41|92,46|139,24|86,10|100,58|149,43
159,39|95,10|130,49|53,0|29,2|129,10|68,65|165,17|44,5
50,48|90,1|133,54|66,37|36,24|69,46|25,1|74,35|161,28|53,32
40,49|53,6|64,8|152,63|44,13|100,69|88,19|84,6|104,52
76,62|108,26|112,60|66,62|31,44|63,40|52,4|142,18|38,12
26,3|59,4|18,26|38,41|37,61|154,23|53,16|94,36|6,56|154,56
152,10|142,28|141,10|139,1|32,51|133,63|63,67|15,9|169,25
61,39|10,45|156,42|160,54|61,39|113,1|8,31|48,14|16,34|125,8
9,63|95,65|97,63|45,32|12,62|17,24|123,27|46,27|77,20|51,62
4,64|10,69|27,4|22,52|86,3|133,10|78,3|108,18|139,57
7,12|17,31|19,20|162,53|15,8|167,5|114,3|46,62|124,59|110,66
36,32|49,4|90,41|14,39|124,4|21,60|87,48|94,8|141,35
112,62|109,51|73,36|98,65|128,6|136,55|76,29|83,41|68,10
149,50|81,67|149,34|137,42|64,14|110,15|96,3|8,67|68,32
148,5|13,39|78,32|23,13|5,36|165,39|31,63|117,43|19,4
81,68|134,29|88,55|98,58|158,57|47,21|74,44|91,12|166,22|22,37
10,34|155,9|59,38|153,19|145,41|166,30|17,57|22,13|148,57
157,68|39,57|106,15|169,63|151,62|75,25|101,5|16,3|122,56
67,9|131,1|16,53|5,27|58,32|91,20|24,43|55,57|155,10|98,34
95,21|156,18|108,63|131,53|65,11|114,67|30,29|125,64|144,41
62,65|93,4|25,53|55,42|129,18|149,1|95,50|108,62|3,0
161,39|168,64|161,59|136,39|99,64|44,20|47,24|116,67|134,55
86,2|93,2|165,42|128,5|29,67|150,0|56,68|67,17|28,10
102,63|38,53|107,32|149,9|74,39|143,19|88,44|10,61|63,63|58,18
3,2|66,31|5,18|135,24|51,56|98,68|145,23|2,65|122,48|163,25
51,33|123,2|15,19|120,31|86,32|10,24|122,13|108,0|137,68
153,24|125,31|137,3|46,2|26,58|17,18|16,54|132,22|165,69
125,33|7,34|86,17|55,42|123,2|164,20|148,25|5,14|60,22
25,42|96,10|50,36|13,52|84,9|154,55|137,68|73,59|6,19
123,41|25,49|117,14|79,3|122,2|15,32|123,28|140,29|68,47
111,49|29,52|109,30|42,59|96,4|46,22|68,34|95,50|16,53
104,2|124,18|130,48|150,24|38,0|33,3|129,4|2,33|119,55
50,9|114,64|153,26|153,14|162,27|29,26|81,16|154,62|110,46
65,29|6,50|91,3|11,26|17,15|0,23|116,31|69,20|121,0
24,57|140,44|130,29|83,62|116,6|94,1|4,65|68,31|11,29
112,29|131,43|63,22|150,6|5,54|105,26|155,21|145,34|42,63
130,22|163,47|153,53|148,11|113,40|144,23|15,22|120,58|34,21
130,55|49,40|133,39|62,4|69,30|0,44|67,30|4,41|55,50
58,5|90,67|139,51|14,65|54,35|10,49|154,61|38,23|39,14|101,11
46,36|46,25|169,31|17,59|17,45|168,60|131,16|14,67|121,58|110,48
71,57|93,22|82,51|24,8|83,57|62,2|3,45|28,11|49,57
49,6|150,6|16,8|77,65|44,28|40,53|138,4|2,21|9,40|66,34
143,48|118,19|146,47|152,65|76,54|70,41|132,5|7,12|163,60
143,1|70,56|31,69|73,7|33,42|54,12|84,33|5,69|135,17
98,33|43,23|25,43|80,44|51,10|60,38|115,29|155,25|18,23|110,59
103,34|77,66|96,49|142,59|94,60|141,64|148,26|89,56|31,63
51,29|55,9|61,7|40,57|154,19|154,44|46,62|50,33|59,31
34,68|140,5|76,34|49,51|164,15|132,54|70,24|36,11|149,63
21,8|169,53|124,48|92,28|17,34|113,16|126,28|24,57|134,51|138,67
118,17|28,39|109,26|0,68|142,41|0,0|52,32|18,53|16,69
156,45|165,55|109,43|146,37|52,62|46,57|9,5|24,6|55,21
4,7|22,49|58,53|49,50|108,13|54,54|112,34|82,3|5,53|79,8
16,19|59,21|11,65|163,33|53,42|108,18|2,42|12,27|58,4|130,36
45,68|83,16|166,36|121,40|110,37|103,52|26,1|8,56|160,65|124,16
26,63|105,34|154,8|33,49|119,39|150,47|103,13|13,49|138,46|113,48
19,31|87,35|77,51|56,68|147,49|81,6|75,20|88,47|4,45|108,28
37,33|14,32|79,5|158,36|23,59|54,2|132,57|48,41|43,28
155,45|125,17|126,3|57,20|71,5|30,53|25,51|88,58|91,42
160,41|153,20|120,16|74,29|55,51|161,56|56,21|29,27|98,59
158,27|73,46|109,29|54,24|24,37|86,67|73,59|117,33|1,46|13,36
155,65|22,62|16,36|148,35|82,4|59,2|10,36|39,36|70,40
40,27|75,46|45,28|130,18|21,51|163,66|55,20|63,19|143,7