98,25|97,25|98,24|142,26|96,25|87,9|86,8|86,9
98,25|97,25|98,24|167,4|96,25|86,8|97,23|98,23
98,25|97,25|142,26|96,25|87,9|86,8|86,9|85,7
98,25|98,24|77,9|96,25|87,9|98,27|96,24|166,5
98,25|97,25|98,24|87,9|86,8|86,9|24,18|99,24
98,25|98,24|77,9|96,25|87,9|98,27|96,24|166,5
168,6|97,23|168,5|99,23|85,10|67,55|169,6|94,12|93,12
98,25|98,24|77,9|96,25|87,9|98,27|96,24|166,5
98,25|97,25|98,24|96,25|87,9|98,27|96,24|86,8
168,4|167,4|121,13|166,5|120,10|168,5|130,28|163,5
168,4|167,4|121,13|166,5|65,59|120,15|29,47|17,2
98,25|97,25|98,24|99,25|101,25|100,26|100,24|94,16
98,25|97,25|142,26|96,25|87,9|86,8|86,9|85,7
167,4|121,13|166,5|120,10|168,5|130,28|88,10|98,14
168,6|97,23|168,5|85,10|67,55|86,9|68,55|37,4|93,17
168,4|167,4|121,13|166,5|120,10|168,5|130,28|163,5
19,17|128,4|127,4|86,8|86,9|131,29|85,10|131,28|68,56|67,56
126,42|126,43|128,2|127,42|159,5|130,2|129,3|96,23|44,0|22,12
98,25|98,24|77,9|96,25|87,9|98,27|96,24|166,5
19,8|157,6|21,8|119,13|156,6|68,56|121,13|67,55|77,15|86,10|119,17
126,42|128,2|123,3|127,42|90,29|99,27|118,10|128,0|86,10|157,6
98,25|97,25|142,26|96,25|87,9|86,8|86,9|85,7
19,17|128,4|99,15|127,4|86,8|86,9|131,29|85,10|29,47|67,55
168,4|167,4|121,13|166,5|65,59|120,15|29,47|17,2
19,8|157,6|21,8|119,13|156,6|68,56|108,8|121,13|66,61|108,7|169,32
168,6|168,5|85,10|67,55|86,9|88,8|78,11|98,27|108,5
168,4|167,4|121,13|166,5|120,10|168,5|130,28|163,5
98,25|97,25|98,24|167,4|96,25|86,8|97,23|98,23
168,4|167,4|166,5|120,10|168,5|130,28|163,5|164,4
19,17|128,4|99,15|127,4|86,8|86,9|107,5|108,5|27,33|128,0
98,25|97,25|142,26|96,25|87,9|86,8|86,9|85,7
167,4|121,13|83,13|83,14|122,14|119,15|17,0|122,15
168,4|167,4|121,13|166,5|168,5|166,6|61,59|163,5
98,25|97,25|96,25|87,9|86,8|86,9|19,15|21,15
168,6|97,23|168,5|99,23|85,10|67,55|169,6|94,12|93,12
98,25|97,25|98,24|96,25|87,9|96,24|84,9|85,8
98,25|97,25|98,24|167,4|96,25|86,8|97,23|98,23
168,4|167,4|121,13|166,5|120,10|168,5|130,28|163,5
168,4|167,4|166,5|120,10|168,5|130,28|163,5|164,4
98,25|97,25|142,26|96,25|87,9|86,8|86,9|85,7
167,4|121,13|166,5|168,5|130,28|88,10|98,14|123,3
98,25|98,24|77,9|96,25|87,9|98,27|96,24|166,5
168,6|97,23|168,5|99,23|85,10|67,55|169,6|94,12|93,12
19,17|128,4|99,15|127,4|86,8|86,9|131,29|85,10|29,47|67,55
19,8|157,6|21,8|119,13|156,6|68,56|108,8|121,13|108,7|169,32|61,57
126,42|126,43|128,2|127,42|127,3|129,3|126,41|108,4|40,4|96,23
19,8|157,6|21,8|119,13|68,56|108,8|121,13|77,15|86,10|90,10|69,55
98,25|97,25|98,24|167,4|96,25|86,8|97,23|98,23
126,42|126,43|128,2|127,42|130,2|127,3|129,3|96,23|44,0|103,17
19,8|157,6|21,8|119,13|156,6|68,56|108,8|121,13|67,55|157,7|89,8
98,25|167,4|94,21|85,10|83,7|84,7|99,28|124,12
126,42|126,43|128,2|127,42|127,3|129,3|126,41|108,4|130,4|39,40
98,25|98,24|77,9|96,25|87,9|98,27|96,24|166,5
126,42|130,3|128,2|123,3|127,42|88,28|118,10|130,2|127,4|128,3
19,8|157,6|21,8|119,13|156,6|68,56|121,13|67,55|77,15|86,10|119,17
98,25|97,25|98,24|167,4|96,25|97,23|98,23|99,26
19,17|128,4|127,4|86,9|131,29|85,10|131,28|68,56|87,9|52,10
98,25|97,25|98,24|167,4|96,25|86,8|97,23|98,23
147,24|164,6|169,6|68,57|17,19|39,6|163,4|83,7|24,15|100,13
168,4|167,4|166,5|120,10|168,5|130,28|163,5|164,4
168,6|97,23|85,10|67,55|86,9|88,9|18,17|93,20|99,17
168,6|108,6|166,6|84,7|131,29|130,29|131,28|92,21|82,13
98,25|97,25|98,24|142,26|96,25|87,9|86,8|86,9
168,4|167,4|121,13|166,5|168,5|166,6|61,59|163,5
167,4|121,13|166,5|120,10|168,5|166,6|118,11|102,14
168,6|97,23|168,5|99,23|85,10|67,55|86,9|37,4|169,6
98,25|97,25|98,24|87,9|86,8|86,9|24,18|99,24
168,6|97,23|168,5|99,23|85,10|67,55|86,9|37,4|169,6
168,4|167,4|121,13|83,13|122,14|119,15|23,19|0,40
19,17|128,4|127,4|86,9|131,29|85,10|131,28|68,56|87,9|29,48
168,6|97,23|168,5|85,10|67,55|86,9|68,55|37,4|166,6
98,25|98,24|77,9|96,25|87,9|98,27|96,24|166,5
98,25|98,24|77,9|96,25|87,9|98,27|96,24|166,5
19,17|128,4|127,4|86,8|86,9|131,29|131,28|68,56|67,56|87,8
126,42|126,43|128,2|127,42|159,5|130,2|129,3|96,23|44,0|22,12
157,6|21,8|119,13|156,6|121,13|67,55|77,15|86,10|35,3|19,17|40,4
168,6|108,6|166,6|84,7|131,29|130,29|131,28|92,21|94,5
98,25|97,25|98,24|96,25|99,25|101,25|96,24|121,13
126,42|126,43|128,2|127,42|127,3|129,3|126,41|108,4|130,4|39,41
168,6|108,6|108,5|107,5|107,4|168,5|99,15|122,13|142,26
98,25|97,25|98,24|99,25|101,25|100,26|100,24|85,9
98,25|98,24|77,9|96,25|87,9|98,27|96,24|166,5
98,25|97,25|98,24|167,4|96,25|86,8|97,23|98,23
168,6|97,23|168,5|85,10|86,9|68,55|37,4|166,6|25,16
128,4|127,4|86,8|86,9|131,29|131,28|68,56|67,56|87,8|67,55
168,6|97,23|168,5|99,23|85,10|67,55|86,9|167,6|102,17
167,4|121,13|166,5|65,59|121,12|119,13|169,5|168,5
98,25|97,25|98,24|167,4|96,25|86,8|97,23|98,23
19,17|86,8|86,9|131,29|85,10|68,55|164,4|19,14|91,20|73,64
128,4|127,4|86,8|86,9|131,29|68,56|67,56|87,8|67,55|119,18
157,6|21,8|119,13|156,6|121,13|67,55|77,15|86,10|19,17|40,4|90,13
168,4|167,4|121,13|166,5|120,10|168,5|168,6|100,19
168,6|97,23|168,5|99,23|85,10|67,55|169,6|94,12|93,12
126,42|126,43|128,2|127,42|127,3|129,3|126,41|108,4|130,4|39,40
19,8|157,6|21,8|119,13|156,6|108,8|107,7|121,13|67,55|157,7|19,9
168,6|97,23|85,10|67,55|86,9|88,9|18,17|93,20|99,17
19,8|128,3|157,6|119,13|156,6|128,4|127,2|73,61|129,3|159,6|70,56
19,17|128,4|99,15|127,4|86,8|86,9|131,29|77,15|85,10|68,55
168,6|108,6|108,5|107,5|106,5|107,4|168,5|100,11|108,4
98,25|167,4|94,21|85,10|83,7|84,7|99,28|124,12
19,8|157,6|21,8|119,13|156,6|67,55|77,15|86,10|35,3|19,17|87,10
19,8|157,6|21,8|119,13|156,6|68,56|121,13|67,55|89,8|91,14|91,23
98,25|98,24|77,9|96,25|87,9|98,27|96,24|166,5
168,6|97,23|168,5|85,10|67,55|86,9|88,9|19,21|86,8
168,4|167,4|121,13|166,5|168,5|2,37|166,6|20,15
167,4|121,13|166,5|168,5|2,37|166,6|166,1|167,6
168,6|108,6|108,5|107,5|107,4|168,5|99,15|122,13|142,26
168,4|167,4|121,13|166,5|2,37|166,6|84,13|122,13
98,25|97,25|142,26|96,25|87,9|86,8|86,9|85,7
98,25|167,4|94,21|85,10|83,7|84,7|99,28|124,12
19,8|157,6|21,8|119,13|68,56|108,8|121,13|67,55|89,8|91,14|107,5
168,4|167,4|121,13|166,5|120,10|168,5|130,28|163,5
19,17|99,15|86,8|86,9|131,29|85,10|24,11|67,57|2,41|12,0
98,25|97,25|98,24|167,4|96,25|86,8|97,23|98,23
126,42|126,43|128,2|127,42|127,3|129,3|126,41|108,4|130,4|39,41
126,42|126,43|128,2|127,42|130,2|129,3|96,23|44,0|22,12|128,0
98,25|97,25|98,24|96,25|99,25|101,25|100,26|97,26
157,6|21,8|119,13|156,6|68,56|108,8|121,13|67,55|89,8|91,14|21,9
98,25|97,25|98,24|96,25|87,9|96,24|84,9|168,6
168,6|97,23|168,5|85,10|67,55|86,9|68,55|37,4|166,6
98,25|97,25|98,24|99,25|101,25|100,26|100,24|95,16
168,6|97,23|168,5|85,10|67,55|86,9|88,9|18,17|40,4
126,42|126,43|128,2|127,42|130,2|127,3|129,3|96,23|44,0|103,17
168,6|108,6|108,5|107,5|107,4|168,5|99,15|122,13|84,9
168,4|167,4|121,13|166,5|168,5|2,37|166,6|84,10
168,6|97,23|168,5|85,10|67,55|86,9|88,9|100,21|130,28
19,17|99,15|127,4|86,8|86,9|131,29|85,10|29,47|67,55|89,22
168,4|167,4|121,13|166,5|168,5|166,6|61,59|163,5
98,25|98,24|77,9|96,25|87,9|98,27|96,24|166,5
98,24|77,9|96,25|87,9|98,27|96,24|166,5|164,5
98,25|98,24|77,9|96,25|98,27|96,24|166,5|168,6
98,25|97,25|98,24|167,4|96,25|86,8|97,23|98,23
98,25|97,25|98,24|167,4|96,25|97,23|98,23|140,28
126,42|126,43|128,2|127,42|127,3|129,3|126,41|108,4|130,4|39,40
168,6|97,23|168,5|99,23|85,10|86,9|167,6|29,47|18,2
98,25|98,24|77,9|96,25|98,27|96,24|166,5|168,6
19,17|128,4|86,8|86,9|131,29|85,10|131,28|68,56|67,56|27,43
98,25|97,25|96,25|87,9|86,8|86,9|85,7|95,6
19,17|128,4|127,4|86,9|131,29|85,10|131,28|68,56|87,9|52,10
98,25|98,24|77,9|96,25|87,9|98,27|96,24|166,5
19,8|128,3|119,13|156,6|68,56|108,8|100,7|28,33|107,5|41,39|6,9
168,6|97,23|168,5|85,10|67,55|86,9|37,4|169,6|22,12
98,25|98,24|77,9|96,25|87,9|98,27|96,24|166,5
98,25|98,24|77,9|96,25|98,27|96,24|166,5|168,6
168,4|167,4|121,13|166,5|65,59|121,12|119,13|141,25
168,4|167,4|121,13|166,5|2,37|166,6|84,13|122,13
98,25|97,25|98,24|167,4|96,25|86,8|97,23|98,23
19,8|157,6|119,13|156,6|68,56|121,13|67,55|77,15|86,10|119,17|90,22
98,25|97,25|98,24|167,4|96,25|97,23|98,23|140,28
19,17|128,4|86,8|86,9|131,29|85,10|131,28|68,56|67,56|12,13
168,6|97,23|85,10|67,55|86,9|88,9|18,17|93,20|99,17
19,17|86,8|86,9|131,29|85,10|68,56|67,56|28,50|90,6|91,20
19,8|157,6|119,13|156,6|68,56|121,13|67,55|77,15|86,10|119,17|90,22
126,42|128,2|123,3|90,29|99,27|118,10|128,0|86,10|157,6|84,52
126,42|126,43|128,2|127,42|130,2|127,3|129,3|96,23|44,0|103,17
126,42|128,2|123,3|127,42|90,29|99,27|118,10|128,0|86,10|157,6
19,8|157,6|21,8|119,13|68,56|108,8|121,13|67,55|89,8|91,14|107,5
168,6|97,23|85,10|67,55|86,9|88,9|18,17|93,20|99,17
168,4|167,4|121,13|166,5|120,10|168,5|130,28|163,5
128,3|157,6|119,13|156,6|128,4|127,2|73,61|129,3|129,1|6,9|27,46
19,8|128,3|157,6|119,13|156,6|128,4|127,2|73,61|129,3|159,6|70,56
168,6|97,23|168,5|99,23|85,10|67,55|129,3|169,6|163,5
168,4|167,4|121,13|166,5|168,5|166,6|61,59|163,5
126,42|126,43|128,2|127,42|129,3|126,41|108,4|29,47|166,5|130,28
98,25|98,24|77,9|96,25|87,9|98,27|96,24|166,5
98,25|98,24|77,9|96,25|87,9|98,27|96,24|166,5
98,25|97,25|98,24|87,9|86,8|86,9|24,18|96,24
19,17|128,4|86,8|86,9|131,29|85,10|131,28|68,56|67,56|12,13
168,4|167,4|121,13|166,5|168,5|166,6|107,5|93,19
168,6|108,6|108,5|107,5|107,4|168,5|99,15|122,13|84,9
19,17|128,4|127,4|86,9|131,29|85,10|131,28|68,56|87,9|52,10
168,4|167,4|121,13|166,5|168,5|166,6|61,59|163,5
168,6|108,6|108,5|107,5|107,4|168,5|99,15|122,13|84,9
168,6|97,23|168,5|99,23|85,10|86,9|167,6|29,47|18,2
98,25|97,25|98,24|167,4|96,25|86,8|97,23|98,23
19,8|157,6|21,8|119,13|68,56|121,13|77,15|86,10|90,10|69,55|41,6
126,42|130,3|128,2|123,3|127,42|88,28|118,10|130,2|127,4|128,3
98,25|97,25|98,24|96,25|99,25|101,25|96,24|121,13
168,4|167,4|121,13|166,5|120,10|168,5|130,28|163,5
98,25|97,25|96,25|87,9|86,8|86,9|19,15|21,15
19,17|128,4|86,8|86,9|131,29|85,10|131,28|68,56|28,50|19,19
98,25|97,25|96,25|87,9|86,8|86,9|85,7|95,6
19,8|157,6|21,8|119,13|68,56|108,8|121,13|67,55|89,8|91,14|107,5
19,8|157,6|21,8|119,13|156,6|67,55|77,15|86,10|35,3|19,17|87,10
19,17|128,4|99,15|127,4|86,9|131,29|77,15|85,10|73,61|84,9
98,25|97,25|98,24|167,4|96,25|86,8|97,23|98,23
98,25|97,25|98,24|167,4|96,25|86,8|97,23|98,23
98,25|98,24|77,9|96,25|87,9|98,27|96,24|166,5
19,8|128,3|157,6|119,13|156,6|128,4|127,2|73,61|129,3|159,6|70,56
98,25|97,25|98,24|96,25|87,9|96,24|84,9|168,6
98,25|97,25|98,24|99,25|101,25|100,26|100,24|95,16
168,6|108,5|107,5|107,4|168,5|85,9|84,9|16,0|119,6
126,42|128,2|123,3|127,42|90,29|99,27|118,10|128,0|86,10|157,6
98,25|97,25|98,24|96,25|99,25|101,25|100,26|97,26
167,4|121,13|166,5|120,10|168,5|130,28|88,10|98,14
19,8|157,6|21,8|119,13|156,6|67,55|77,15|86,10|35,3|19,17|87,10
126,42|126,43|128,2|130,2|129,3|96,23|44,0|22,12|128,0|158,5
168,6|97,23|85,10|67,55|86,9|88,9|18,17|93,20|99,17
98,25|97,25|98,24|87,9|86,8|86,9|95,21|77,9
168,6|97,23|168,5|85,10|67,55|86,9|88,9|100,21|130,28
168,4|167,4|121,13|166,5|2,37|166,6|84,13|122,13
19,17|86,8|86,9|131,29|85,10|131,28|68,56|67,56|12,13|14,4
168,4|167,4|121,13|166,5|2,37|166,6|20,15|122,14
168,6|97,23|168,5|85,10|67,55|86,9|37,4|169,6|22,12
168,6|108,6|166,6|84,7|131,29|130,29|131,28|92,21|92,19
98,25|97,25|98,24|167,4|96,25|86,8|97,23|98,23
98,25|97,25|98,24|167,4|96,25|86,8|97,23|98,23
19,17|128,4|127,4|86,8|86,9|131,29|85,10|131,28|68,56|67,56
168,4|167,4|121,13|166,5|65,59|120,15|29,47|17,2
168,6|108,6|108,5|107,5|107,4|168,5|99,15|122,13|142,26
168,6|97,23|168,5|85,10|67,55|86,9|100,21|130,28|88,10
168,4|167,4|121,13|166,5|2,37|166,6|20,15|122,14
168,4|167,4|121,13|166,5|168,5|166,6|61,59|163,5
168,6|97,23|168,5|99,23|85,10|67,55|129,3|169,6|163,5
126,42|126,43|128,2|127,42|99,27|64,59|21,8|88,10|52,7|88,9
168,4|167,4|121,13|166,5|168,5|166,6|61,59|163,5
19,17|128,4|86,8|86,9|131,29|131,28|68,56|67,56|87,8|21,10
98,25|98,24|87,9|86,8|86,9|95,21|77,9|81,7
168,6|97,23|168,5|99,23|67,55|169,6|94,12|134,29|169,5
157,6|119,13|156,6|68,56|121,13|67,55|86,10|119,17|29,48|19,20|26,15
98,25|97,25|98,24|142,26|96,25|87,9|86,8|86,9
98,25|98,24|167,4|77,9|96,25|87,9|98,27|166,5
98,25|97,25|98,24|167,4|96,25|97,23|98,23|99,26
19,8|128,3|157,6|119,13|156,6|128,4|127,2|73,61|129,3|159,6|70,56
19,17|99,15|127,4|86,8|86,9|131,29|85,10|29,47|67,55|17,14
128,3|156,6|68,56|108,8|28,33|107,5|107,4|94,6|69,55|147,23|84,9
157,6|21,8|119,13|68,56|121,13|77,15|86,10|90,10|69,55|41,6|10,2
19,8|157,6|21,8|119,13|156,6|68,56|121,13|77,15|86,10|122,13|2,34
168,4|167,4|121,13|166,5|168,5|166,6|61,59|163,5
19,8|157,6|21,8|119,13|156,6|67,55|77,15|86,10|35,3|19,17|87,10
167,4|121,13|166,5|120,10|168,5|166,6|118,11|147,29
168,4|167,4|166,5|120,10|168,5|130,28|163,5|164,4
126,42|126,43|128,2|127,42|127,3|129,3|126,41|108,4|130,4|39,41
19,8|157,6|21,8|119,13|67,55|77,15|86,10|19,17|87,10|22,47|88,10
168,6|97,23|168,5|85,10|67,55|86,9|88,9|19,21|86,8
19,17|127,4|86,9|131,29|85,10|131,28|68,56|87,9|29,48|92,23
98,25|97,25|98,24|99,25|101,25|100,26|100,24|94,16
19,8|21,8|119,13|68,56|121,13|67,55|86,10|118,12|2,35|89,11|34,0
19,17|128,4|99,15|127,4|86,8|86,9|131,29|77,15|85,10|68,55
157,6|21,8|119,13|156,6|68,56|108,8|121,13|67,55|89,8|91,14|21,9
128,3|157,6|119,13|156,6|128,4|127,2|73,61|129,3|129,1|6,9|18,21
168,4|167,4|121,13|166,5|168,5|166,6|61,59|163,5
98,25|98,24|77,9|96,25|87,9|98,27|96,24|166,5
167,4|121,13|166,5|168,5|2,37|166,6|166,1|142,26
126,42|128,2|123,3|127,42|90,29|99,27|118,10|128,0|86,10|157,6
168,4|167,4|166,5|120,10|168,5|130,28|163,5|164,4
19,8|128,3|119,13|156,6|68,56|108,8|28,33|107,5|41,39|15,17|84,7
126,42|126,43|128,2|127,42|127,3|129,3|126,41|108,4|19,8|169,10
19,8|157,6|21,8|119,13|156,6|68,56|121,13|67,55|157,7|89,8|118,12
126,42|126,43|128,2|127,42|159,5|130,2|129,3|44,0|22,12|84,7
19,8|128,3|119,13|156,6|68,56|108,8|100,7|28,33|107,5|41,39|6,9
19,17|128,4|86,8|86,9|131,29|85,10|68,56|67,56|28,50|141,29
98,25|97,25|98,24|167,4|96,25|86,8|97,23|98,23
168,6|97,23|85,10|67,55|86,9|88,9|18,17|93,20|99,17
98,25|98,24|87,9|86,8|86,9|95,21|168,3|87,10
19,8|157,6|21,8|119,13|156,6|68,56|121,13|77,15|86,10|122,13|2,34
98,25|98,24|87,9|86,8|86,9|95,21|168,3|87,10
168,6|97,23|168,5|85,10|67,55|86,9|81,14|23,19|24,19
168,6|108,6|108,5|107,5|107,4|168,5|99,15|122,13|142,26
19,8|157,6|21,8|119,13|156,6|68,56|121,13|67,55|77,15|86,10|119,17
19,8|157,6|21,8|119,13|156,6|68,56|121,13|157,7|89,8|118,12|67,56
97,23|168,5|85,10|67,55|86,9|68,55|37,4|166,6|119,13
168,4|167,4|121,13|166,5|2,37|166,6|84,13|122,13
168,4|167,4|121,13|166,5|120,10|168,5|130,28|163,5
98,25|97,25|98,24|87,9|86,8|86,9|24,18|99,24
168,6|168,5|85,10|86,9|88,9|85,8|2,41|17,0|118,12
126,42|126,43|128,2|130,2|129,3|96,23|44,0|22,12|128,0|158,5
19,8|157,6|119,13|68,56|121,13|67,55|86,10|119,17|29,48|19,20|39,6
98,25|97,25|98,24|167,4|96,25|87,9|98,27|87,7
128,3|156,6|68,56|108,8|28,33|107,5|107,4|94,6|69,55|84,9|103,66
168,4|167,4|121,13|166,5|2,37|166,6|84,13|122,13
98,25|98,24|87,9|86,8|86,9|95,21|168,3|87,10
168,6|97,23|168,5|99,23|85,10|169,6|94,12|93,12|36,6
168,6|97,23|168,5|99,23|85,10|67,55|86,9|37,4|169,6
98,25|97,25|142,26|96,25|87,9|86,8|86,9|85,7
168,6|97,23|85,10|67,55|86,9|88,9|18,17|93,20|99,17
167,4|121,13|166,5|120,10|168,5|166,6|118,11|147,29
19,8|157,6|21,8|119,13|68,56|121,13|67,55|157,7|89,8|118,12|23,21
21,15|20,15|22,15
83,0|82,0|82,1|83,1|81,1|81,0
64,60|65,60|66,60|65,59|65,61
20,15|22,15|21,15
83,0|82,0|82,1|83,1|81,0|81,1
64,60|65,60|66,60|65,61|65,59
83,0|82,0|82,1|83,1|81,0|81,1
64,60|65,60|66,60|65,59|64,59
82,0|82,1|83,1|81,0|81,1|83,0
82,0|82,1|83,1|81,0|81,1|83,0
64,60|65,60|66,60|65,59|65,61
64,59|66,60|66,61|65,59|65,60
64,60|65,60|66,60|65,61|65,59
88,6|88,7|89,7|89,6|90,7|90,6|91,7
82,0|82,1|83,1|81,0|81,1|83,0
20,15|21,15|22,15
64,59|64,60|66,60|65,59|65,60
64,60|65,60|65,59|64,59|66,60
65,60|66,60|65,59|66,61|64,59
21,15|20,15|22,15
19,15|20,15|21,15
88,6|88,7|89,7|89,6|90,7|90,6|91,7
168,3|169,3|168,2|168,4|167,2|167,4|167,3
88,6|88,7|89,7|89,6|90,7|90,6|91,7
91,13|90,13|90,12|89,12|89,13|90,14|91,14|91,15|89,11|90,11
82,0|82,1|83,1|81,1|83,0|81,0
23,8|22,9|22,8|21,8|21,9|21,10|22,10|21,11|22,11|23,10|23,9
168,3|169,3|168,2|168,4|167,3|167,2|167,4
19,15|20,15|21,15
90,13|90,12|89,12|89,13|90,14|90,11|89,11|91,13|91,14|91,12
90,13|90,12|89,12|89,13|90,14|90,11|89,11|91,13|91,14|91,12
90,13|90,12|89,12|89,13|90,14|90,11|89,11|91,13|91,12|91,14
91,13|90,13|90,12|89,12|89,13|91,14|91,15|89,11|90,11|90,14
64,59|66,60|66,61|65,59|65,60
95,21|94,20|95,20|93,21|94,21|96,23|95,22|96,21
91,13|90,13|90,12|89,12|89,13|91,14|91,15|89,11|90,14|88,12
83,0|82,0|82,1|83,1|81,1|81,0
19,15|20,15|21,15
90,14|91,14|91,13|91,16|88,12|91,15|90,12|89,11|89,12|89,13
89,13|90,14|91,14|91,13|91,16|88,12|91,15|90,12|89,12|89,11
83,0|82,0|82,1|83,1|81,1|81,0
64,60|65,60|66,60|65,61|65,59
95,21|94,20|95,20|93,21|94,21|96,23|95,22|96,21
64,60|65,60|66,60|65,59|65,61
64,60|65,60|66,60|65,59|64,59
95,21|94,20|95,20|93,21|94,21|96,23|95,22|96,21
89,13|90,14|91,14|91,13|91,16|88,12|91,15|89,12|89,11|90,11
90,13|90,12|89,12|89,13|90,14|90,11|89,11|91,13|91,12|91,14
52,9|51,7|53,7|53,6|51,9|50,7|51,10|52,10|52,6|52,7|51,8|52,8|50,8
90,14|91,14|91,16|88,12|91,15|90,12|89,11|89,12|89,13|90,13
24,9|22,9|21,9|21,10|22,10|21,8|22,11|22,8|21,11|23,10|23,9
95,21|94,20|95,20|93,21|94,21|96,23|95,22|96,21
91,13|90,13|90,12|89,12|89,13|91,14|91,15|89,11|90,11|90,14
52,9|51,7|53,7|53,6|51,9|50,7|51,10|52,10|52,6|52,7|51,8|52,8|50,8
52,9|51,7|53,7|53,6|51,9|50,7|51,10|52,10|52,7|51,8|52,8|50,8|51,6
90,14|91,14|91,16|88,12|91,15|90,12|89,11|89,12|89,13|90,13
52,9|51,7|53,7|53,6|51,9|50,7|51,10|52,10|52,7|51,8|52,8|50,8|51,6
127,42|127,40|125,41|127,41|125,42|126,40|125,40|126,41|126,42
95,21|94,20|95,20|93,21|94,21|96,20|96,21|93,20
64,60|65,60|65,59|66,60|65,61
95,21|94,20|95,20|93,21|94,21|96,23|95,22|96,21
22,9|21,9|22,12|21,8|23,12|22,10|24,11|23,11|22,11|23,10|20,8
95,21|94,20|95,20|93,21|94,21|96,23|95,22|96,21
52,9|51,7|53,7|53,6|51,9|50,7|51,10|52,10|52,7|51,8|52,8|50,8|52,6
90,13|90,12|89,12|89,13|90,14|90,11|89,11|91,13|91,14|91,11
90,14|91,14|91,16|88,12|91,15|90,12|89,11|89,12|89,13|90,13
95,21|94,20|95,20|93,21|94,21|96,23|95,22|96,21
126,43|127,40|125,41|126,42|125,42|126,41|127,41|127,42|126,40
36,4|36,5|37,4|38,4|39,4|39,5|40,5|41,5|39,6|40,4|39,3
90,13|90,12|89,12|89,13|90,14|90,11|89,11|91,13|91,14|91,11
95,21|94,20|95,20|93,21|94,21|96,23|95,22|96,21
19,15|20,15|21,15
95,21|94,20|95,20|93,21|94,21|96,23|95,22|94,22
90,14|91,14|91,16|88,12|91,15|90,12|89,11|89,12|89,13|91,13
90,13|90,12|89,12|89,13|91,14|91,15|89,11|90,14|88,12|88,13
90,14|91,14|91,13|91,16|88,12|91,15|89,11|89,12|89,13|90,11
88,6|88,7|89,7|89,6|90,7|90,6|91,7
167,4|166,5|167,5|168,5|164,5|167,6|166,6
95,21|94,20|95,20|93,21|94,21|96,23|95,22|96,21
167,4|167,3|166,5|167,5|166,6|164,4|168,4
52,9|51,7|53,7|53,6|51,9|50,7|51,10|52,10|52,7|51,8|52,8|50,8|52,6
95,21|94,20|95,20|93,21|94,21|96,23|95,22|96,21
90,13|90,12|89,12|89,13|91,15|89,11|90,14|88,12|88,13|91,13
90,13|90,12|89,12|89,13|90,14|90,11|89,11|91,13|91,14|91,11
89,13|90,14|91,14|91,16|88,12|91,15|90,12|89,12|89,11|90,13
95,21|94,20|95,20|93,21|94,21|96,23|95,22|96,21
52,9|51,7|53,7|53,6|51,9|50,7|51,10|52,10|52,7|51,8|52,8|50,8|51,6
95,21|94,20|95,20|93,21|94,21|96,23|95,22|96,21
65,60|66,60|65,59|64,59|63,59
95,21|94,20|95,20|93,21|94,21|96,23|95,22|96,21
52,9|51,7|53,7|53,6|51,9|50,7|51,10|52,10|52,7|51,8|52,8|50,8|51,6
64,60|65,60|65,59|64,59|66,60
89,13|90,14|91,14|91,13|91,16|88,12|91,15|89,12|89,11|90,12
90,8|88,8|89,8|89,7|91,7|88,9|89,9
52,9|51,7|53,7|53,6|51,9|50,7|51,10|52,10|52,7|51,8|52,8|50,8|51,6
90,14|91,14|91,16|88,12|91,15|90,12|89,11|89,12|89,13|90,13
91,14|91,16|88,12|91,15|90,12|89,11|89,12|89,13|91,13|90,13
52,9|51,7|53,7|53,6|51,9|50,7|51,10|52,10|52,7|51,8|52,8|50,8|52,6
95,21|94,20|95,20|93,21|94,21|96,23|95,22|96,21
91,14|91,13|91,16|88,12|91,15|90,12|89,11|89,12|89,13|90,13
89,13|91,14|91,13|91,16|88,12|91,15|90,12|89,12|89,11|90,13
95,21|94,20|95,20|93,21|94,21|96,23|95,22|96,21
95,21|94,20|95,20|93,21|94,21|96,23|95,22|96,21
90,14|91,14|91,16|88,12|91,15|90,12|89,11|89,12|89,13|90,13
90,13|90,12|89,12|89,13|90,14|90,11|89,11|91,13|91,14|91,11
95,21|94,20|95,20|93,21|94,21|96,23|95,22|96,21
95,21|94,20|95,20|93,21|94,21|96,23|95,22|96,21
91,13|90,12|89,12|89,13|91,14|91,15|89,11|90,14|88,12|88,13
90,14|91,14|91,13|91,16|88,12|91,15|89,11|89,12|89,13|90,11
95,21|94,20|95,20|93,21|94,21|96,23|95,22|96,21
22,9|21,9|22,12|21,8|23,12|22,10|24,11|23,11|22,11|23,10|20,8
22,9|21,9|22,12|21,8|23,12|22,10|23,11|22,11|23,10|24,11|20,8
91,13|89,12|89,13|90,14|91,14|91,15|89,11|90,11|88,12|90,12
83,0|82,0|82,1|83,1|81,0|81,1
64,59|66,60|66,61|65,59|65,60
64,60|65,60|65,59|64,59|66,60
95,21|94,20|95,20|93,21|94,21|96,23|95,22|96,21
95,21|94,20|95,20|93,21|94,21|96,23|95,22|96,21
90,13|90,12|89,12|89,13|90,14|90,11|89,11|91,13|91,14|91,11
89,13|91,14|91,13|91,16|88,12|91,15|90,12|89,12|89,11|90,13
95,21|94,20|95,20|93,21|94,21|96,23|95,22|96,21
82,0|82,1|81,1|81,0|80,1|80,0
52,9|51,7|53,7|53,6|51,9|50,7|51,10|52,10|52,7|51,8|52,8|50,8|51,6
167,4|167,3|166,5|167,5|166,6|164,4|168,4
90,13|90,12|89,12|89,13|91,15|89,11|90,14|88,12|88,13|91,13
95,21|94,20|95,20|93,21|94,21|96,23|95,22|96,21
90,13|90,12|89,12|89,13|90,14|90,11|89,11|91,13|91,14|91,11
52,9|51,7|53,7|53,6|51,9|50,7|51,10|52,10|52,7|51,8|52,8|50,8|51,6
91,13|90,13|89,12|89,13|90,14|91,14|91,15|90,12|89,11|90,11
64,60|65,60|66,60|65,61|65,59
90,14|91,14|91,16|88,12|91,15|90,12|89,11|89,12|89,13|91,13
95,21|94,20|95,20|93,21|94,21|96,23|95,22|96,21
167,4|167,3|166,5|167,5|166,6|164,4|168,4
22,9|21,9|22,12|21,8|23,12|22,10|24,11|23,11|22,11|23,10|20,8
95,21|94,20|95,20|93,21|94,21|96,23|95,22|96,21
167,4|166,5|167,5|168,5|164,5|167,6|166,6
90,14|91,14|91,16|88,12|91,15|90,12|89,11|89,12|89,13|91,13
82,0|82,1|80,1|81,1|81,0|80,0
64,60|65,60|66,60|65,59|65,61
90,13|90,12|89,12|89,13|90,14|90,11|89,11|91,13|91,14|91,11
95,21|94,20|95,20|93,21|94,21|96,23|95,22|96,21
167,4|167,3|166,5|167,5|166,6|164,4|168,4
65,60|66,60|65,59|64,59|66,61
90,13|90,12|89,12|89,13|90,14|90,11|89,11|91,13|91,14|91,11
89,13|90,14|91,14|91,13|91,16|88,12|91,15|89,12|89,11|90,12
90,14|91,14|91,16|88,12|91,15|90,12|89,11|89,12|89,13|91,13
95,21|94,20|95,20|94,21|96,20|96,21|93,19|93,20
52,9|51,7|53,7|53,6|51,9|50,7|51,10|52,10|52,7|51,8|52,8|50,8|52,6
90,13|90,12|89,12|89,13|90,14|90,11|89,11|91,13|91,14|91,11
88,6|88,7|89,7|89,6|90,7|90,6|91,7
90,14|91,14|91,13|91,16|88,12|91,15|89,11|89,12|89,13|90,11
52,9|51,7|53,7|53,6|51,9|50,7|51,10|52,10|52,7|51,8|52,8|50,8|52,6
64,60|65,60|65,59|64,59|63,59
82,0|82,1|83,1|81,0|81,1|83,0
90,13|90,12|89,12|89,13|90,14|90,11|89,11|91,13|91,12|91,11
90,13|90,12|89,12|89,13|90,14|90,11|89,11|91,13|91,14|91,11
64,59|66,60|66,61|65,59|65,60
22,9|21,9|22,12|21,8|23,12|22,10|24,11|23,11|22,11|23,10|20,8
22,9|21,9|22,12|21,8|23,12|22,10|24,11|23,11|22,11|23,10|20,8
64,60|66,60|65,59|65,60|65,61
90,14|91,14|91,16|88,12|91,15|90,12|89,11|89,12|89,13|90,13
90,14|91,14|91,16|88,12|91,15|90,12|89,11|89,12|89,13|91,13
91,14|91,16|88,12|91,15|90,12|89,11|89,12|89,13|91,13|90,13
90,13|90,12|89,12|89,13|90,14|90,11|89,11|91,13|91,14|91,12
89,13|90,14|91,14|91,16|88,12|91,15|90,12|89,12|89,11|91,13
167,4|167,3|166,5|167,5|168,5|167,6|168,4
91,14|91,13|91,16|88,12|91,15|90,12|89,11|89,12|89,13|90,14
95,21|94,20|95,20|93,21|94,21|96,23|95,22|96,21
90,14|91,14|91,16|88,12|91,15|89,11|89,12|89,13|91,13|90,11
90,13|90,12|89,12|89,13|90,14|90,11|89,11|91,13|91,14|91,12
52,9|51,7|53,7|53,6|51,9|50,7|51,10|52,10|52,7|51,8|52,8|50,8|51,6
52,9|51,7|53,7|53,6|51,9|50,7|51,10|52,10|52,7|51,8|52,8|50,8|51,6
90,14|91,14|91,16|88,12|91,15|90,12|89,11|89,12|89,13|90,13
89,13|90,14|91,14|91,13|91,16|88,12|91,15|89,12|89,11|90,11
167,4|167,3|166,5|167,5|166,6|164,4|168,4
89,13|91,14|91,13|91,16|88,12|91,15|90,12|89,12|89,11|90,13
90,13|90,12|89,12|89,13|90,14|90,11|89,11|91,13|91,14|91,11
82,1|80,1|81,1|81,0|82,0|80,0
90,13|90,12|89,12|89,13|90,14|90,11|89,11|91,13|91,14|91,11
89,13|90,14|91,14|91,13|91,16|88,12|91,15|89,12|89,11|90,11
90,13|90,12|89,12|89,13|90,14|90,11|89,11|91,13|91,14|91,11
82,0|82,1|83,1|81,1|83,0|81,0
95,21|94,20|95,20|94,21|96,20|96,21|93,19|93,20
82,1|81,1|81,0|80,1|82,0|80,0
89,13|90,14|91,14|91,16|88,12|91,15|90,12|89,12|89,11|91,13
38,4|39,4|39,5|40,5|40,6|39,6|40,4|37,4|36,4|39,3|35,5
52,9|51,7|53,7|53,6|51,9|50,7|51,10|52,10|52,6|52,7|51,8|52,8|50,8
52,9|51,7|53,7|53,6|51,9|50,7|51,10|52,10|52,7|51,8|52,8|50,8|51,6
90,14|91,14|91,16|88,12|91,15|90,12|89,11|89,12|89,13|91,13
24,9|22,9|21,9|21,10|22,10|21,8|22,11|22,8|21,11|23,10|23,9
82,0|82,1|83,1|81,0|81,1|83,0
90,13|90,12|89,12|89,13|90,14|90,11|89,11|91,13|91,14|91,11
88,6|88,7|89,7|89,6|90,7|90,6|91,7
80,2|81,1|80,1|82,1|79,2
82,0|82,1|83,1|81,0|81,1|83,0
64,60|65,60|66,60|65,59|64,59
89,13|91,14|91,13|91,16|88,12|91,15|90,12|89,12|89,11|90,13
95,21|94,20|95,20|93,21|94,21|96,23|95,22|94,22
95,21|94,20|95,20|93,21|94,21|96,23|95,22|96,21
90,14|91,14|91,16|88,12|91,15|90,12|89,11|89,12|89,13|90,13
90,14|91,14|91,16|88,12|91,15|90,12|89,11|89,12|89,13|90,13
90,14|91,14|91,16|88,12|91,15|90,12|89,11|89,12|89,13|90,13
52,9|51,7|53,7|53,6|51,9|50,7|51,10|52,10|52,7|51,8|52,8|50,8|51,6
89,13|91,14|91,13|91,16|88,12|91,15|89,12|89,11|90,12|90,13
88,6|88,7|89,7|89,6|90,7|90,6|91,7
168,3|169,3|168,2|168,4|167,3|167,2|167,4
90,14|91,14|91,16|88,12|91,15|90,12|89,11|89,12|89,13|90,13
90,14|91,14|91,16|88,12|91,15|90,12|89,11|89,12|89,13|91,13
90,13|90,12|89,12|89,13|90,14|90,11|89,11|91,13|91,14|91,11
89,13|90,14|91,14|91,16|88,12|91,15|90,12|89,12|89,11|90,13
52,9|51,7|53,7|53,6|51,9|50,7|51,10|52,10|52,7|51,8|52,8|50,8|51,6
168,3|169,3|168,2|168,4|167,3|167,2|167,4
89,13|90,14|91,14|91,16|88,12|91,15|90,12|89,12|89,11|90,13
90,13|90,12|89,12|89,13|90,14|90,11|89,11|91,13|91,14|91,11
90,13|90,12|89,12|89,13|90,14|90,11|89,11|91,13|91,14|91,11
64,60|65,60|66,60|65,61|65,59
95,21|94,20|95,20|94,21|96,20|96,21|93,19|93,20
82,1|81,1|81,0|80,1|82,0|80,2
90,12|89,12|89,13|91,14|91,15|89,11|90,14|88,12|88,13|91,13
89,13|90,14|91,14|91,16|88,12|91,15|90,12|89,12|89,11|91,13
65,60|66,60|65,59|64,59|62,59
95,21|94,20|95,20|94,21|96,20|96,21|93,19|93,20
91,13|89,12|89,13|90,14|91,14|91,15|89,11|90,11|88,12|90,12
89,13|91,14|91,13|91,16|88,12|91,15|90,12|89,12|89,11|90,14
95,21|94,20|95,20|93,21|94,21|96,23|95,22|96,21
91,14|91,16|88,12|91,15|90,12|89,11|89,12|89,13|90,14|90,13
22,9|21,9|22,12|21,8|23,12|22,10|23,11|22,11|23,10|24,11|20,8
90,13|90,12|89,12|89,13|90,14|90,11|89,11|91,13|91,14|88,12
91,13|90,13|90,12|89,12|89,13|90,14|91,14|89,11|90,11|91,11
90,14|91,14|91,16|88,12|91,15|90,12|89,11|89,12|89,13|90,13
167,4|166,5|167,5|168,5|167,6|166,6|164,4
90,13|90,12|89,12|89,13|90,14|90,11|89,11|91,13|91,14|91,12
89,13|90,14|91,14|91,16|88,12|91,15|90,12|89,12|89,11|91,13
21,15|20,15|22,15
83,0|82,0|82,1|83,1|81,0|81,1
64,60|65,60|66,60|65,59|65,61
65,60|65,59|64,59|66,60|63,59
90,13|90,12|89,12|89,13|90,14|90,11|89,11|91,13|91,14|91,11
90,14|91,14|91,16|88,12|91,15|90,12|89,11|89,12|89,13|90,13
89,13|90,14|91,14|91,13|91,16|88,12|91,15|89,12|89,11|90,11
90,13|90,12|89,12|89,13|90,14|90,11|89,11|91,13|91,14|91,11
22,9|21,9|22,12|21,8|23,12|22,10|24,11|23,11|22,11|23,10|20,8
90,14|91,14|91,16|88,12|91,15|90,12|89,11|89,12|89,13|91,13
22,9|21,9|22,12|21,8|23,12|22,10|24,11|23,11|22,11|23,10|20,8
91,14|91,13|91,16|88,12|91,15|90,12|89,11|89,12|89,13|90,13
21,15|20,15|22,15
82,1|83,1|81,1|81,0|82,0|83,0
52,9|51,7|53,7|53,6|51,9|50,7|51,10|52,10|52,7|51,8|52,8|50,8|52,6
91,13|90,13|90,12|89,12|89,13|90,14|91,14|91,15|90,15|89,14
91,14|91,13|91,16|88,12|91,15|90,12|89,11|89,12|89,13|90,13
95,21|94,20|95,20|93,21|94,21|96,23|95,22|96,21
90,14|91,14|91,16|88,12|91,15|90,12|89,11|89,12|89,13|91,13
90,14|91,14|91,16|88,12|91,15|90,12|89,11|89,12|89,13|90,13
167,4|166,5|167,5|168,5|167,6|166,6|164,4
95,21|94,20|95,20|93,21|94,21|96,23|95,22|96,21
89,13|90,14|91,14|91,13|91,16|88,12|91,15|89,12|89,11|90,11
91,14|91,16|88,12|91,15|90,12|89,11|89,12|89,13|91,13|90,14
52,9|51,7|53,7|53,6|51,9|50,7|51,10|52,10|52,7|51,8|52,8|50,8|51,6
22,9|21,9|22,12|21,8|23,12|22,10|24,11|23,11|22,11|20,8|21,11
90,14|91,14|91,16|88,12|91,15|90,12|89,11|89,12|89,13|90,13
90,14|91,14|91,13|91,16|88,12|91,15|89,11|89,12|89,13|90,12
64,60|65,60|65,59|66,60|65,61
52,9|51,7|53,7|53,6|51,9|50,7|51,10|52,10|52,7|51,8|52,8|50,8|51,6
90,13|90,12|89,12|89,13|91,15|89,11|90,14|88,12|88,13|91,14
64,60|65,60|65,59|64,59|66,60
90,13|90,12|89,12|89,13|91,15|89,11|90,14|88,12|88,13|91,14
90,13|90,12|89,12|89,13|90,14|90,11|89,11|91,13|91,14|91,15
89,13|90,14|91,14|91,13|88,12|91,15|90,12|89,12|89,11|90,11
90,13|90,12|89,12|89,13|90,14|90,11|89,11|91,13|91,14|91,12
90,13|90,12|89,12|89,13|90,14|90,11|89,11|91,13|91,14|91,12
95,21|94,20|95,20|93,21|94,21|96,23|95,22|96,21
64,59|66,60|66,61|65,59|65,60
90,14|91,14|91,16|88,12|91,15|90,12|89,11|89,12|89,13|90,13
95,21|94,20|95,20|93,21|94,21|96,23|95,22|96,21
64,60|65,60|66,60|65,61|65,59
52,9|51,7|53,7|53,6|51,9|50,7|51,10|52,10|52,6|52,7|51,8|52,8|50,8
52,9|51,7|53,7|53,6|51,9|50,7|51,10|52,10|52,7|51,8|52,8|50,8|51,6
82,0|82,1|83,1|81,0|81,1|83,0
19,15|20,15|21,15
64,60|65,60|66,60|65,59|64,59
89,13|90,14|91,14|91,16|88,12|91,15|90,12|89,12|89,11|90,13
90,14|91,14|91,16|88,12|91,15|90,12|89,11|89,12|89,13|91,13
90,13|90,12|89,12|89,13|90,14|90,11|89,11|91,13|91,14|91,12
90,14|91,14|91,16|88,12|91,15|90,12|89,11|89,12|89,13|91,13
90,13|90,12|89,12|89,13|90,14|90,11|89,11|91,13|91,14|91,11
83,0|82,0|82,1|83,1|81,0|81,1
90,13|90,12|89,12|89,13|90,14|90,11|89,11|91,13|91,14|91,11
91,13|90,13|90,12|89,12|89,13|91,14|91,15|89,11|90,11|90,14
90,13|90,12|89,12|89,13|90,14|90,11|89,11|91,13|91,14|91,11
52,9|51,7|53,7|53,6|51,9|50,7|51,10|52,10|52,7|51,8|52,8|50,8|52,6
88,6|88,7|89,7|89,6|90,7|90,6|91,7
64,60|65,60|66,60|65,61|65,59
90,14|91,14|91,13|91,16|88,12|91,15|89,11|89,12|89,13|90,11
90,12|89,12|89,13|91,14|91,15|89,11|90,14|88,12|88,13|91,13
64,60|65,60|66,60|65,61|65,59
90,14|91,14|91,16|88,12|91,15|90,12|89,11|89,12|89,13|90,13
19,15|20,15|21,15
90,14|91,14|91,13|91,16|88,12|91,15|89,11|89,12|89,13|90,11
95,21|94,20|95,20|93,21|94,21|96,23|95,22|96,21
89,13|90,14|91,14|91,13|91,16|88,12|91,15|89,12|89,11|90,12
168,3|169,3|168,2|168,4|167,3|167,2|167,4
90,13|90,12|89,12|89,13|90,14|90,11|89,11|91,13|91,14|91,11
90,13|90,12|89,12|89,13|90,14|90,11|89,11|91,13|91,14|91,11
89,13|90,14|91,14|91,13|91,16|88,12|91,15|90,12|89,12|89,11
90,13|90,12|89,12|89,13|90,14|90,11|89,11|91,13|91,14|91,11
89,13|90,14|91,14|91,13|91,16|88,12|91,15|89,12|89,11|90,12
90,13|90,12|89,12|89,13|90,14|90,11|89,11|91,13|91,14|91,11
90,14|91,14|91,13|91,16|88,12|91,15|89,11|89,12|89,13|90,11
82,0|82,1|83,1|81,0|81,1|83,0
95,21|94,20|95,20|93,21|94,21|96,23|95,22|96,21
20,15|22,15|21,15
89,13|90,14|91,14|91,13|91,15|89,11|89,12|94,12|90,11|93,12
90,13|90,12|89,12|89,13|90,14|90,11|89,11|91,13|91,14|91,11
90,13|90,12|89,12|89,13|90,14|90,11|89,11|91,13|91,14|91,11
90,14|91,14|91,16|88,12|91,15|90,12|89,11|89,12|89,13|91,13
90,13|90,12|89,12|89,13|90,14|90,11|89,11|91,13|91,14|91,12
66,56|65,56|67,57|66,55|67,56|68,56|68,55|67,55|68,54|69,55|66,54|69,54|68,57|70,56
95,21|94,20|95,20|93,21|94,21|96,23|95,22|96,21
90,13|90,12|89,12|89,13|90,14|90,11|89,11|91,13|91,14|91,12
52,9|51,7|53,7|53,6|51,9|50,7|51,10|52,10|52,7|51,8|52,8|50,8|52,6
91,14|91,16|88,12|91,15|90,12|89,11|89,12|89,13|91,13|90,13
90,13|90,12|89,12|89,13|90,14|90,11|89,11|91,13|91,14|91,12
90,14|91,14|91,16|88,12|91,15|90,12|89,11|89,12|89,13|91,13
90,13|90,12|89,12|89,13|90,14|90,11|89,11|91,13|91,14|91,12
90,12|89,12|89,13|91,14|91,15|89,11|90,14|88,12|88,13|90,13
91,14|91,13|88,12|91,15|90,12|89,11|89,12|89,13|90,13|90,14
91,14|91,16|88,12|91,15|90,12|89,11|89,12|89,13|90,14|90,13
91,14|91,13|91,16|88,12|91,15|89,11|89,12|89,13|90,12|90,13
90,13|90,12|89,12|89,13|91,15|89,11|90,14|88,12|88,13|91,13
90,14|91,14|91,16|88,12|91,15|90,12|89,11|89,12|89,13|91,13
90,12|89,12|89,13|91,14|91,15|89,11|90,14|88,12|88,13|90,13
90,14|91,14|91,16|88,12|91,15|90,12|89,11|89,12|89,13|91,13
90,13|90,12|89,12|89,13|90,14|90,11|89,11|91,13|91,14|91,12
90,13|90,12|89,12|89,13|90,14|90,11|89,11|91,13|91,14|91,11
95,21|94,20|95,20|93,21|94,21|96,23|95,22|96,21
52,9|51,7|53,7|53,6|51,9|50,7|51,10|52,10|52,7|51,8|52,8|50,8|51,6
52,9|51,7|53,7|53,6|51,9|50,7|51,10|52,10|52,7|51,8|52,8|50,8|52,6
90,13|90,12|89,12|89,13|91,15|89,11|90,14|88,12|88,13|91,13
66,56|65,56|67,57|66,55|67,56|68,56|68,55|67,55|68,54|69,55|66,54|69,54|68,57|70,56
89,13|90,14|91,14|91,13|91,16|88,12|91,15|89,12|89,11|90,11
90,13|90,12|89,12|89,13|90,14|90,11|89,11|91,13|91,14|91,12
89,13|90,14|91,14|91,16|88,12|91,15|90,12|89,12|89,11|91,13
89,13|90,14|91,14|91,13|91,16|88,12|91,15|89,12|89,11|90,11
89,13|90,14|91,14|91,16|88,12|91,15|90,12|89,12|89,11|91,13
90,13|90,12|89,12|89,13|90,14|90,11|89,11|91,13|91,14|91,11
89,13|91,14|91,13|91,16|88,12|91,15|90,12|89,12|89,11|90,14
52,9|51,7|53,7|53,6|51,9|50,7|51,10|52,10|52,7|51,8|52,8|50,8|51,6
90,14|91,14|91,16|88,12|91,15|90,12|89,11|89,12|89,13|90,13
90,13|90,12|89,12|89,13|90,14|90,11|89,11|91,13|91,14|91,12
95,21|94,20|95,20|94,21|96,20|96,21|93,19|93,21
52,9|51,7|53,7|53,6|51,9|50,7|51,10|52,10|52,7|51,8|52,8|50,8|51,6
90,14|91,14|91,16|88,12|91,15|90,12|89,11|89,12|89,13|91,13
95,21|94,20|95,20|93,21|94,21|96,23|95,22|96,21
89,13|90,14|91,14|91,16|88,12|91,15|89,12|89,11|90,12|90,13
167,4|167,3|166,5|167,5|164,4|168,4|166,6
167,4|167,3|166,5|167,5|164,4|168,4|166,6
52,9|51,7|53,6|51,9|50,7|51,10|52,10|52,7|51,8|52,8|51,6|53,8|53,7
90,12|89,12|89,13|91,14|89,11|90,14|88,12|88,13|90,13|91,13
167,4|167,3|166,5|167,5|164,4|166,6|168,4
90,14|91,14|91,16|88,12|91,15|90,12|89,11|89,12|89,13|91,13
21,15|20,15|22,15
21,15|20,15|22,15
91,13|90,13|90,12|89,12|89,13|90,14|91,14|91,15|89,11|90,11
89,13|90,14|91,14|91,13|91,16|88,12|91,15|89,12|89,11|90,12
52,9|51,7|53,7|53,6|51,9|50,7|51,10|52,10|52,7|51,8|52,8|50,8|52,6
36,4|37,4|38,4|39,4|39,5|40,5|41,5|39,6|40,4|39,3|35,5
90,13|90,12|89,12|89,13|91,15|89,11|90,14|88,12|88,13|91,13
167,4|166,5|167,5|168,5|164,5|167,6|166,6
52,9|51,7|53,7|53,6|51,9|50,7|51,10|52,10|52,7|51,8|52,8|50,8|51,6
89,13|91,14|91,13|91,16|88,12|91,15|90,12|89,12|89,11|90,14
64,60|65,60|65,59|64,59|63,59
90,13|90,12|89,12|89,13|91,15|89,11|90,14|88,12|88,13|91,14
20,15|22,15|21,15
90,13|90,12|89,12|89,13|90,14|90,11|89,11|91,13|91,14|91,11
90,13|90,12|89,12|89,13|90,14|90,11|89,11|91,13|91,14|91,11
90,13|90,12|89,12|89,13|90,14|90,11|89,11|91,13|91,12|91,14
52,9|51,7|53,7|53,6|51,9|50,7|51,10|52,10|52,7|51,8|52,8|50,8|51,6
90,12|89,12|89,13|91,14|91,15|89,11|90,14|88,12|88,13|91,13
65,60|66,60|65,59|64,59|66,61
91,13|90,13|90,12|89,12|89,13|90,14|91,14|89,11|90,11|91,12
52,9|51,7|53,7|53,6|51,9|50,7|51,10|52,10|52,7|51,8|52,8|50,8|52,6
90,13|90,12|89,12|89,13|91,14|91,15|89,11|90,14|88,12|88,13
64,60|65,60|66,60|65,59|64,59
90,14|91,14|91,16|88,12|91,15|90,12|89,11|89,12|89,13|90,13
90,14|91,14|91,16|88,12|91,15|90,12|89,11|89,12|89,13|91,13
90,13|90,12|89,12|89,13|90,14|90,11|89,11|91,13|91,14|91,11
90,13|90,12|89,12|89,13|90,14|90,11|89,11|91,13|91,14|91,11
90,14|91,14|91,16|88,12|91,15|89,11|89,12|89,13|91,13|90,11
82,0|82,1|83,1|81,0|81,1|83,0
64,60|66,60|65,59|65,60|65,61
90,13|90,12|89,12|89,13|90,14|90,11|89,11|91,13|91,14|91,11
90,14|91,14|91,13|91,16|88,12|91,15|89,11|89,12|89,13|90,11
90,13|90,12|89,12|89,13|90,14|90,11|89,11|91,13|91,14|91,11
91,14|91,13|91,16|88,12|91,15|90,12|89,11|89,12|89,13|90,13
90,13|90,12|89,12|89,13|90,14|90,11|89,11|91,13|91,14|91,12
91,14|91,16|88,12|91,15|90,12|89,11|89,12|89,13|91,13|90,13
90,13|90,12|89,12|89,13|90,14|90,11|89,11|91,13|91,12|91,11
91,14|91,16|88,12|91,15|90,12|89,11|89,12|89,13|90,14|90,13
52,9|51,7|53,7|53,6|51,9|50,7|51,10|52,10|52,7|51,8|52,8|50,8|52,6
36,4|36,5|37,4|38,4|39,4|39,5|40,5|41,5|39,6|40,4|39,3
95,21|94,20|95,20|93,21|94,21|96,23|95,22|96,21
82,0|82,1|83,1|81,0|81,1|83,0
90,14|91,14|91,16|88,12|91,15|90,12|89,11|89,12|89,13|91,13
90,13|90,12|89,12|89,13|90,14|90,11|89,11|91,13|91,14|91,11
52,9|51,7|53,7|53,6|51,9|50,7|51,10|52,10|52,7|51,8|52,8|50,8|52,6
89,13|90,14|91,14|91,13|91,16|88,12|91,15|89,12|89,11|90,11
52,9|51,7|53,7|53,6|51,9|50,7|51,10|52,10|52,7|51,8|52,8|50,8|52,6
91,14|91,13|91,16|88,12|91,15|90,12|89,11|89,12|89,13|90,14
95,21|94,20|95,20|93,21|94,21|96,23|95,22|96,21
90,13|90,12|89,12|89,13|90,14|90,11|89,11|91,13|91,14|91,12
52,9|51,7|53,7|53,6|51,9|50,7|51,10|52,10|52,7|51,8|52,8|50,8|52,6
52,9|51,7|53,7|53,6|51,9|50,7|51,10|52,10|52,7|51,8|52,8|50,8|52,6
90,13|90,12|89,12|89,13|90,14|90,11|89,11|91,13|91,14|91,11
90,13|90,12|89,12|89,13|90,14|90,11|89,11|91,13|91,14|91,11
90,13|90,12|89,12|89,13|90,14|90,11|89,11|91,13|91,14|91,11
90,14|91,14|91,16|88,12|91,15|90,12|89,11|89,12|89,13|90,13
89,13|90,14|91,14|91,13|91,16|88,12|91,15|89,12|89,11|90,12
90,13|90,12|89,12|89,13|90,14|90,11|89,11|91,13|91,14|91,11
19,15|20,15|19,16
90,13|90,12|89,12|89,13|90,14|90,11|89,11|91,13|91,14|91,11
52,9|51,7|53,7|53,6|51,9|50,7|51,10|52,10|52,7|51,8|52,8|50,8|51,6
90,13|90,12|89,12|89,13|91,15|89,11|88,12|88,13|91,13|91,14
38,4|39,4|39,5|40,5|40,6|39,6|40,4|37,4|36,4|39,3|40,3
167,4|167,3|166,5|167,5|168,5|167,6|168,4
52,9|51,7|53,7|53,6|51,9|50,7|51,10|52,10|52,7|51,8|52,8|50,8|52,6
52,9|51,7|53,7|53,6|51,9|50,7|51,10|52,10|52,7|51,8|52,8|50,8|51,6
89,13|90,14|91,14|91,16|88,12|91,15|90,12|89,12|89,11|91,13
51,7|53,7|53,6|51,9|50,7|51,10|52,10|52,6|52,7|51,8|52,8|50,8|50,9
90,14|91,14|91,16|88,12|91,15|90,12|89,11|89,12|89,13|90,13
90,14|91,14|91,16|88,12|91,15|90,12|89,11|89,12|89,13|91,13
23,8|22,9|22,8|21,9|21,10|22,10|21,11|22,11|23,9|23,10|21,8
90,13|90,12|89,12|89,13|90,14|90,11|89,11|91,13|91,14|91,11
83,0|82,0|82,1|83,1|81,1|81,0
90,14|91,14|91,16|88,12|91,15|90,12|89,11|89,12|89,13|90,13
64,60|65,60|66,60|65,61|65,59
90,14|91,14|91,16|88,12|91,15|90,12|89,11|89,12|89,13|90,13
90,13|90,12|89,12|89,13|90,14|90,11|89,11|91,13|91,14|91,11
89,13|91,14|91,13|91,16|88,12|91,15|90,12|89,12|89,11|90,13
52,9|51,7|53,7|53,6|51,9|50,7|51,10|52,10|52,7|51,8|52,8|50,8|51,6
89,13|90,14|91,14|91,16|88,12|91,15|89,12|89,11|90,12|90,13
90,13|90,12|89,12|89,13|90,14|90,11|89,11|91,13|91,14|91,11
90,13|90,12|89,12|89,13|90,14|90,11|89,11|91,13|91,14|91,12
51,7|53,7|53,6|51,9|50,7|51,10|52,10|52,7|51,8|52,8|50,8|51,6|50,9
90,14|91,14|91,16|88,12|91,15|90,12|89,11|89,12|89,13|90,13
89,13|90,14|91,14|91,16|88,12|91,15|89,12|89,11|90,12|90,13
90,14|91,14|91,13|91,16|88,12|91,15|89,11|89,12|89,13|90,12
67,57|67,56|68,56|68,55|67,55|68,54|69,55|69,54|70,53|70,54|70,55|66,56|70,56|68,57
90,14|91,14|91,16|88,12|91,15|90,12|89,11|89,12|89,13|91,13
90,14|91,14|91,16|88,12|91,15|90,12|89,11|89,12|89,13|90,13
82,0|82,1|83,1|81,0|81,1|83,0
89,13|91,14|91,13|91,16|88,12|91,15|90,12|89,12|89,11|90,13
90,14|91,14|91,16|88,12|91,15|90,12|89,11|89,12|89,13|90,13
90,12|89,12|89,13|91,14|91,15|89,11|90,14|88,12|88,13|91,13
90,13|90,12|89,12|89,13|91,15|89,11|90,14|88,12|88,13|91,13
52,9|51,7|53,7|53,6|51,9|50,7|51,10|52,10|52,7|51,8|52,8|50,8|52,6
52,9|51,7|53,7|51,9|50,7|51,10|52,10|52,7|51,8|52,8|50,8|51,6|50,9
89,13|90,14|91,14|91,16|88,12|91,15|89,12|89,11|90,12|90,13
90,14|91,14|91,16|88,12|91,15|90,12|89,11|89,12|89,13|91,13
91,13|90,13|90,12|89,12|89,13|90,14|91,14|91,15|89,11|90,11
91,13|90,13|90,12|89,12|89,13|91,14|91,15|89,11|90,14|88,12
64,60|65,60|65,59|64,59|66,60
91,13|90,13|90,12|89,12|89,13|90,14|91,14|91,15|89,11|90,11
89,13|90,14|91,14|91,13|91,16|88,12|91,15|89,12|89,11|90,12
90,13|90,12|89,12|89,13|90,14|90,11|89,11|91,13|91,14|91,11
90,14|91,14|91,13|91,16|88,12|91,15|89,11|89,12|89,13|90,11
89,13|91,14|91,13|91,16|88,12|91,15|90,12|89,12|89,11|90,13
52,9|51,7|53,7|53,6|51,9|50,7|51,10|52,10|52,7|51,8|52,8|50,8|52,6
90,8|88,8|89,8|89,7|91,7|88,9|89,9
91,14|91,13|91,16|88,12|91,15|90,12|89,11|89,12|89,13|90,14
167,4|166,5|167,5|168,5|167,6|166,6|164,4
90,14|91,14|88,12|91,15|90,12|89,11|89,12|89,13|90,13|91,13
91,14|91,13|91,16|88,12|91,15|90,12|89,11|89,12|89,13|90,14
90,13|90,12|89,12|89,13|90,14|90,11|89,11|91,13|91,14|91,11
88,6|88,7|89,7|89,6|90,7|90,6|91,7
89,13|91,14|91,13|91,16|88,12|91,15|90,12|89,12|89,11|90,13
90,14|91,14|91,16|88,12|91,15|90,12|89,11|89,12|89,13|91,13
90,13|90,12|89,12|89,13|90,14|90,11|89,11|91,13|91,12|91,14
89,13|90,14|91,14|91,13|91,16|88,12|91,15|89,12|89,11|90,11
89,13|90,14|91,14|91,16|88,12|91,15|90,12|89,12|89,11|90,13
64,60|65,60|66,60|65,59|65,61
90,13|90,12|89,12|89,13|90,14|90,11|89,11|91,13|91,14|91,11
90,14|91,14|91,16|88,12|91,15|90,12|89,11|89,12|89,13|90,13
64,59|64,60|66,60|65,59|65,60
88,6|88,7|89,7|89,6|90,7|90,6|91,7
64,60|65,60|66,60|65,59|64,59
64,59|66,60|66,61|65,59|65,60
91,14|91,13|91,16|88,12|91,15|90,12|89,11|89,12|89,13|90,13
52,9|51,7|53,7|51,9|50,7|51,10|52,10|52,7|51,8|52,8|50,8|51,6|50,9
20,15|22,15|21,15
65,60|66,60|65,59|64,59|66,61
89,13|90,14|91,14|91,16|88,12|91,15|90,12|89,12|89,11|90,13
64,60|65,60|66,60|65,59|65,61
89,13|90,14|91,14|91,16|88,12|91,15|90,12|89,12|89,11|90,13
90,14|91,14|91,16|88,12|91,15|90,12|89,11|89,12|89,13|90,13
91,13|90,13|90,12|89,12|89,13|90,14|91,14|91,15|89,11|88,12
91,14|91,13|91,16|88,12|91,15|90,12|89,11|89,12|89,13|90,13
52,9|51,7|53,7|53,6|51,9|50,7|51,10|52,10|52,7|51,8|52,8|50,8|51,6
90,13|90,12|89,12|89,13|90,14|90,11|89,11|91,13|91,14|91,11
89,13|90,14|91,14|91,13|91,16|88,12|91,15|89,12|89,11|90,11
90,13|90,12|89,12|89,13|90,14|90,11|89,11|91,13|91,14|91,11
52,9|51,7|53,7|53,6|51,9|50,7|51,10|52,10|52,7|51,8|52,8|50,8|52,6
22,9|21,9|22,12|23,12|22,10|24,11|23,11|22,11|23,10|20,8|22,8
95,21|94,20|95,20|93,21|94,21|96,23|95,22|96,20
95,21|94,20|95,20|93,21|94,21|95,22|94,22|96,21
52,9|51,7|53,7|53,6|51,9|50,7|51,10|52,10|52,7|51,8|52,8|50,8|52,6
52,9|51,7|53,7|53,6|51,9|50,7|51,10|52,10|52,7|51,8|52,8|50,8|51,6
91,14|91,13|91,16|88,12|91,15|90,12|89,11|89,12|89,13|90,14
82,1|81,1|81,0|80,1|80,0|83,1
52,9|51,7|53,7|53,6|51,9|50,7|51,10|52,10|52,7|51,8|52,8|50,8|52,6
64,60|65,60|66,60|65,61|65,59
91,14|91,16|88,12|91,15|90,12|89,11|89,12|89,13|91,13|90,13
90,14|91,14|91,16|88,12|91,15|90,12|89,11|89,12|89,13|90,13
95,21|94,20|95,20|94,21|96,20|96,21|93,19|93,21
90,13|90,12|89,12|89,13|90,14|90,11|89,11|91,13|91,14|91,12
95,21|94,20|95,20|93,21|94,21|95,22|96,21|94,22
90,13|90,12|89,12|89,13|90,14|90,11|89,11|91,13|91,14|91,12
167,4|167,3|166,5|167,5|164,4|168,4|167,6
89,13|91,14|91,13|91,16|88,12|91,15|90,12|89,12|89,11|90,14
90,14|91,14|91,16|88,12|91,15|89,11|89,12|89,13|91,13|90,11
90,14|91,14|91,16|88,12|91,15|90,12|89,11|89,12|89,13|90,13
89,13|90,14|91,14|91,13|91,16|88,12|91,15|89,12|89,11|90,12
91,14|91,16|88,12|91,15|90,12|89,11|89,12|89,13|91,13|90,13
91,14|91,16|88,12|91,15|90,12|89,11|89,12|89,13|91,13|90,13
91,14|91,16|88,12|91,15|90,12|89,11|89,12|89,13|90,14|90,13
90,14|91,14|91,13|91,16|88,12|91,15|89,11|89,12|89,13|90,11
90,13|90,12|89,12|89,13|90,14|90,11|89,11|91,13|91,14|91,11
91,14|91,13|88,12|91,15|90,12|89,11|89,12|89,13|90,13|90,14
52,9|51,7|53,7|53,6|51,9|50,7|51,10|52,10|52,7|51,8|52,8|50,8|52,6
90,13|90,12|89,12|89,13|91,15|89,11|88,12|88,13|91,13|91,14
66,56|65,56|67,57|67,56|68,56|68,55|67,55|68,54|69,55|66,54|69,54|68,57|70,56|70,55
89,13|91,14|91,13|91,16|88,12|91,15|89,12|89,11|90,14|90,11
90,12|89,12|89,13|89,11|90,14|88,12|88,13|90,13|91,13|91,15
90,12|89,12|89,13|91,15|89,11|90,14|88,12|88,13|91,14|91,13
90,12|89,12|89,13|91,14|89,11|90,14|88,12|88,13|91,13|90,13
90,13|90,12|89,12|89,13|91,14|91,15|89,11|90,14|88,12|88,13
90,14|91,14|91,16|88,12|91,15|90,12|89,11|89,12|89,13|90,13
90,14|91,14|91,16|88,12|91,15|89,11|89,12|89,13|91,13|90,11
82,0|82,1|83,1|81,0|81,1|83,0
91,14|91,13|91,16|88,12|91,15|90,12|89,11|89,12|89,13|90,13
90,13|90,12|89,12|89,13|90,14|90,11|89,11|91,13|91,14|91,12
91,14|91,16|88,12|91,15|90,12|89,11|89,12|89,13|91,13|90,14
90,14|91,14|91,16|88,12|91,15|90,12|89,11|89,12|89,13|90,13
52,9|51,7|53,7|53,6|51,9|50,7|51,10|52,10|52,7|51,8|52,8|50,8|51,6
90,13|90,12|89,12|89,13|90,14|90,11|89,11|91,13|91,14|91,12
91,14|91,16|88,12|91,15|90,12|89,11|89,12|89,13|91,13|90,13
64,60|65,60|66,60|65,59|65,61
90,14|91,14|91,16|88,12|91,15|90,12|89,11|89,12|89,13|90,13
89,13|90,14|91,14|91,16|88,12|91,15|90,12|89,12|89,11|91,13
91,13|90,13|90,12|89,12|89,13|90,14|91,14|91,15|89,11|88,12
94,20|85,9|168,6|87,9|88,7|119,13|95,20|163,5