41,41|27,34|61,36|21,9|44,1|81,7|42,41|24,10|59,55|42,6|22,38
41,41|160,19|107,5|27,34|61,36|21,9|44,1|81,7|146,10|16,17|13,14
120,18|85,2|98,12|117,14|166,5|92,21|167,6|93,22
43,38|57,25|41,41|27,34|61,36|80,19|122,3|92,21|81,20|96,22|71,55
43,38|57,25|41,41|27,34|61,36|80,19|122,3|92,21|96,22|71,55|89,13
41,41|160,19|107,5|27,34|61,36|21,9|81,7|146,10|16,17|13,14|12,8
41,41|125,11|109,3|21,8|50,8|46,7|78,15|169,10|21,9|46,3|66,48
41,41|125,11|109,3|21,8|50,8|78,15|169,10|21,9|46,3|66,48|35,0
41,41|125,11|109,3|21,8|50,8|78,15|169,10|21,9|46,3|35,0|72,26
85,12|85,10|86,12|86,11|87,11|87,12|86,10|87,10
64,0|64,3|64,2|64,1|63,3|63,2|64,4
16,16|16,17|15,17|17,17|17,18|16,18|15,18|16,20|17,19|16,19|17,16|15,19
64,0|64,3|64,2|63,3|63,2|64,4|64,1
85,10|86,11|87,11|87,12|86,10|87,10|86,9|86,12
100,15|101,15|101,16|99,16|99,15|100,16|99,14|100,14
64,3|64,2|64,1|63,3|63,2|64,4|64,0
39,41|39,40|38,41|37,42|37,41|39,42|37,43|38,42|36,41|38,40|38,43|40,41
85,10|86,11|87,11|87,12|86,10|87,10|86,9|86,12
39,41|39,40|38,41|37,42|37,41|39,42|37,43|38,42|36,41|38,43|37,40|40,41
100,15|101,15|101,16|99,16|99,15|100,16|99,14|100,14
16,16|16,17|15,17|17,17|17,18|16,18|15,18|16,20|17,19|16,19|15,19|18,18
85,12|85,10|86,12|86,11|87,11|87,12|86,10|87,10
13,16|14,16|14,15|15,16|16,17|13,15|15,17|14,17|17,16|15,15|16,16
39,41|39,40|38,41|37,42|37,41|39,42|37,43|38,42|36,41|38,40|38,43|40,40
85,12|85,10|86,11|87,11|86,10|87,10|86,9|86,12
39,41|39,40|38,41|37,42|37,41|39,42|37,43|38,42|38,43|37,40|40,41|36,42
39,41|39,40|38,41|37,42|37,41|36,44|38,43|41,41|38,42|37,40|40,40|38,40
168,6|168,5|167,5|167,6|168,7|167,7|166,6
39,41|39,40|38,41|37,42|37,41|36,44|38,43|38,42|36,41|37,40|40,40|37,43
39,41|39,40|38,41|37,42|37,41|39,42|37,43|38,42|38,43|40,41|36,42|38,40
85,10|86,11|87,11|87,12|86,10|87,10|86,12|88,11
39,41|39,40|38,41|37,42|37,41|36,44|41,41|38,42|36,41|37,40|40,40|37,43
64,0|64,3|64,2|63,3|63,2|64,1|64,4
85,12|85,10|86,11|87,11|86,10|87,10|86,9|86,12
39,41|39,40|38,41|37,42|37,41|39,42|37,43|38,42|36,41|38,40|38,43|40,40
39,41|39,40|38,41|37,42|37,41|36,44|41,41|38,42|37,40|40,40|38,40|37,43
39,41|39,40|38,41|37,42|37,41|37,43|38,42|36,41|38,43|40,40|39,43|37,40
39,41|39,40|38,41|37,42|37,41|39,42|37,43|38,42|36,41|38,40|38,43|40,40
39,41|39,40|38,41|37,42|37,41|37,43|38,42|36,41|38,43|40,40|39,43|37,40
39,41|39,40|38,41|37,42|37,41|39,42|37,43|38,42|36,41|38,40|38,43|40,41
39,41|39,40|38,41|37,42|37,41|39,42|37,43|38,42|36,41|38,40|38,43|40,41
85,12|85,10|86,11|87,11|86,10|87,10|86,12|85,9
100,15|101,15|101,16|99,15|100,16|99,14|100,14|99,16
39,41|39,40|38,41|37,42|37,41|39,42|37,43|38,42|36,41|38,43|37,40|40,40
131,4|130,4|129,4|130,2|129,2|129,3|130,3|131,3|130,5
39,41|39,40|38,41|37,42|37,41|39,42|37,43|38,42|36,41|38,43|37,40|40,40
85,12|85,10|86,11|87,11|86,10|87,10|86,9|86,12
100,15|101,15|99,16|99,15|100,16|99,14|100,14|98,15
39,41|39,40|38,41|37,42|37,41|39,42|37,43|38,42|38,43|40,41|36,42|38,40
39,40|38,41|37,42|37,41|36,44|41,41|38,42|36,41|37,40|40,40|37,43|39,42
39,41|39,40|38,41|37,42|37,41|39,42|37,43|38,42|36,41|38,40|38,43|40,41
39,41|39,40|38,41|37,42|37,41|39,42|37,43|38,42|36,41|38,43|40,41|38,40
39,41|39,40|38,41|37,42|37,41|39,42|37,43|38,42|36,41|38,43|40,40|37,40
16,17|17,17|17,18|16,18|15,18|16,20|17,19|16,19|18,17|18,18|17,16|18,19
100,15|101,15|99,16|99,15|100,16|100,14|98,15|98,14
39,41|39,40|38,41|37,42|37,41|39,42|37,43|38,42|38,43|40,41|38,40|36,41
168,6|168,5|167,5|167,6|168,7|167,7|166,6
39,41|39,40|38,41|37,42|37,41|39,42|37,43|38,42|36,41|38,43|40,41|38,40
39,41|39,40|38,41|37,42|37,41|39,42|37,43|38,42|36,41|38,40|38,43|40,41
39,41|39,40|38,41|37,42|37,41|39,42|37,43|38,42|36,41|38,40|38,43|40,41
64,0|64,3|64,2|64,1|63,3|63,2|64,4
39,41|39,40|38,41|37,42|37,41|39,42|37,43|38,42|38,43|37,40|40,41|36,41
39,41|39,40|38,41|37,42|37,41|39,42|37,43|38,42|36,41|38,40|38,43|40,41
39,41|39,40|38,41|37,42|37,41|39,42|37,43|38,42|36,41|38,43|40,41|37,40
39,41|39,40|38,41|37,42|37,41|39,42|37,43|38,42|36,41|38,43|40,40|37,40
39,41|39,40|38,41|37,42|37,41|39,42|37,43|38,42|36,41|38,43|37,40|40,41
39,41|39,40|38,41|37,42|37,41|39,42|37,43|38,42|36,41|38,43|40,41|37,40
39,41|39,40|38,41|37,42|37,41|39,42|37,43|38,42|36,41|38,43|40,41|38,40
39,41|39,40|38,41|37,42|37,41|39,42|37,43|38,42|36,41|38,43|40,40|37,40
39,40|38,41|37,42|37,41|37,43|38,42|36,41|38,43|40,40|39,43|37,40|39,42
39,41|39,40|38,41|37,42|37,41|39,42|37,43|38,42|36,41|38,40|38,43|40,41
39,40|38,41|37,42|37,41|36,44|38,43|38,42|36,41|37,40|40,40|37,43|39,42
39,41|39,40|38,41|37,42|37,41|39,42|37,43|38,42|38,40|38,43|40,41|36,42
168,6|168,5|167,5|167,6|168,7|167,7|166,5
39,41|39,40|38,41|37,42|37,41|39,42|37,43|38,42|38,43|37,40|40,41|36,42
39,41|39,40|38,41|37,42|37,41|39,42|37,43|38,42|36,41|38,43|40,40|37,40
39,41|39,40|38,41|37,42|37,41|39,42|37,43|38,42|38,43|40,41|38,40|36,41
39,41|39,40|38,41|37,42|37,41|39,42|37,43|38,42|38,43|37,40|40,41|36,42
39,41|39,40|38,41|37,42|37,41|39,42|37,43|38,42|38,43|40,41|36,42|38,40
64,3|64,2|64,1|63,3|63,2|64,4|65,3
39,40|38,41|37,42|37,41|36,44|38,43|38,42|36,41|37,40|40,40|37,43|39,42
39,41|39,40|38,41|37,42|37,41|39,42|37,43|38,42|36,41|38,40|38,43|40,40
39,41|39,40|38,41|37,42|37,41|39,42|37,43|38,42|36,41|38,43|40,41|38,40
64,0|64,3|64,2|63,3|63,2|64,4|64,1
39,41|39,40|38,41|37,42|37,41|36,44|41,41|38,42|37,40|40,40|38,40|38,43
62,2|64,3|64,2|64,1|63,2|64,4|63,4
39,41|39,40|38,41|37,42|37,41|39,42|37,43|38,42|36,41|38,43|40,40|37,40
39,41|39,40|38,41|37,42|37,41|37,43|38,42|36,41|38,43|40,40|37,40|39,42
85,12|85,10|86,11|87,11|86,10|87,10|86,12|86,9
62,2|64,3|64,2|63,3|63,2|64,4|63,4
85,12|85,10|86,11|87,11|86,10|87,10|86,12|85,9
64,0|64,3|64,2|63,2|64,4|64,1|63,4
39,41|39,40|38,41|37,42|37,41|39,42|37,43|38,42|38,40|38,43|40,41|36,42
13,16|14,16|14,15|15,16|16,17|13,15|15,17|14,17|15,15|16,16|18,16
64,0|64,3|64,2|64,1|63,2|64,4|63,4
39,41|39,40|38,41|37,42|37,41|39,42|37,43|38,42|38,43|37,40|40,41|36,43
85,12|85,10|86,11|87,11|86,10|87,10|86,12|85,9
39,41|39,40|38,41|37,42|37,41|37,43|38,42|36,41|38,43|40,40|39,43|36,40
100,15|101,15|99,15|100,16|99,14|100,14|98,15|98,16
39,40|38,41|37,42|37,41|36,44|41,41|38,42|36,41|40,40|37,43|39,42|36,40
12,26|9,28|8,29|8,30|7,30|9,30|9,29|13,33|9,27|7,31|10,30|10,29|12,27|7,29|10,28|9,31
168,6|168,5|167,5|167,6|168,7|167,7|166,5
39,41|39,40|38,41|37,42|37,41|39,42|37,43|38,42|38,43|40,41|38,40|36,42
39,41|39,40|38,41|37,42|37,41|39,42|37,43|38,42|36,41|38,43|37,40|40,41
39,41|39,40|38,41|37,42|37,41|39,42|37,43|38,42|38,43|37,40|40,41|36,42
39,41|39,40|38,41|37,42|37,41|39,42|37,43|38,42|36,41|38,43|40,41|36,40
39,41|39,40|38,41|37,42|37,41|39,42|37,43|38,42|36,41|38,43|40,41|37,40
39,40|38,41|37,42|37,41|36,44|38,43|38,42|36,41|37,40|40,40|37,43|39,42
39,40|38,41|37,42|37,41|39,42|37,43|38,42|36,41|38,43|37,40|40,41|37,44
39,41|39,40|38,41|37,42|37,41|36,44|41,41|38,42|36,41|37,40|40,40|38,43
85,12|85,10|86,11|87,11|86,10|87,10|86,12|85,9
39,41|39,40|38,41|37,42|37,41|39,42|37,43|38,42|36,41|38,40|38,43|40,41
39,41|39,40|38,41|37,42|37,41|39,42|37,43|38,42|36,41|38,43|40,41|37,40
39,41|39,40|38,41|37,42|37,41|39,42|37,43|38,42|36,41|38,43|37,40|40,41
100,15|101,15|99,16|99,15|100,16|99,14|100,14|98,16
39,41|39,40|38,41|37,42|37,41|39,42|37,43|38,42|38,43|38,40|36,41|40,40
39,41|39,40|38,41|37,42|37,41|39,42|37,43|38,42|38,43|40,41|37,40|36,42
39,41|39,40|38,41|37,42|37,41|39,42|37,43|38,42|38,43|40,40|37,40|36,42
39,41|39,40|38,41|37,42|37,41|39,42|37,43|38,42|38,43|40,41|37,40|36,42
39,40|38,41|37,42|37,41|37,43|38,42|36,41|40,40|39,43|37,40|39,42|38,44
39,41|39,40|38,41|37,42|37,41|39,42|37,43|38,42|36,41|38,43|40,41|37,40
39,41|39,40|38,41|37,42|37,41|37,43|38,42|36,41|38,43|40,40|37,40|39,43
39,41|39,40|38,41|37,42|37,41|39,42|37,43|38,42|38,43|40,41|38,40|39,43
64,3|64,1|63,3|63,2|64,4|65,3|65,2
39,40|38,41|37,42|37,41|36,44|38,43|38,42|36,41|40,40|37,43|39,42|38,40
39,41|39,40|38,41|37,42|37,41|37,43|38,42|38,43|40,40|37,40|39,42|36,42
39,40|38,41|37,42|37,41|36,44|41,41|38,42|40,40|37,43|39,42|36,40|35,41
12,26|9,28|8,29|8,30|7,30|9,30|9,29|13,33|9,27|7,31|10,30|10,29|7,29|10,28|9,31|11,27
168,6|168,5|167,5|167,6|168,7|166,5|166,7
39,41|39,40|38,41|37,42|37,41|39,42|37,43|38,42|38,43|37,40|40,41|36,43
39,41|39,40|38,41|37,42|37,41|39,42|37,43|38,42|36,41|38,43|37,40|40,40