81,6|94,4|10,10|68,61|10,9|126,7|125,42|159,40|119,6
68,61|161,21|159,39|150,17|150,16|84,5|93,10|134,36|7,30
139,22|144,30|89,22|77,12|108,7|59,57|91,20|14,16|100,16|20,55
154,19|144,30|89,22|24,13|108,7|135,55|62,38|157,2|5,10|94,12
149,57|68,61|161,21|159,39|163,20|150,17|150,16|84,5|70,29
164,4|163,3|89,9|117,4|138,23|94,5|167,28|44,0|18,19
149,57|161,21|159,39|150,17|150,16|70,29|152,17|5,8|149,56
68,61|161,21|159,39|150,17|150,16|84,5|70,29|152,17|131,24
149,57|159,39|150,17|150,16|70,29|152,17|149,56|51,1|93,0
149,57|161,21|159,39|150,17|150,16|84,5|70,29|152,17|68,59
149,57|159,39|150,17|150,16|70,29|152,17|5,8|149,56|91,27
68,61|161,21|159,39|150,17|150,16|84,5|152,17|47,60|83,3
164,4|163,3|89,9|117,4|138,23|94,5|44,0|18,19|130,14
154,19|144,30|89,22|24,13|108,7|157,2|5,10|94,12|112,29|12,34
99,67|100,67|100,68|99,68|99,69|100,69|98,68|98,69|98,67
163,4|164,4|164,5|166,5|164,3|163,3|159,1|164,2
163,4|164,4|164,5|166,5|164,3|163,3|159,1|164,2
163,4|164,4|164,5|164,3|163,3|159,1|166,5|164,2
168,5|167,5|166,5|166,6|167,6|167,4|168,4
168,5|167,5|166,5|166,6|167,6|167,4|166,7
163,4|164,4|164,5|166,5|164,3|163,3|159,1|164,2
100,16|99,16|99,15|100,15|101,15|100,14|101,16|100,17
43,42|42,42|42,41|42,40|43,41|43,40|44,40|44,41|44,39|42,39|41,41|44,42
77,21|78,21|79,21|79,20|80,20|79,19|80,21|80,19|79,22|80,22|78,20|80,17
163,4|164,4|164,5|164,3|163,3|159,1|164,2|163,2
16,53|17,53|17,54|16,54|18,53|18,52|19,52|19,55|19,53|19,54|18,54|20,50|18,55|18,51|19,50
163,4|164,4|164,5|166,5|164,3|163,3|159,1|164,2
163,4|164,4|164,5|166,5|164,3|163,3|159,1|164,2
163,4|164,4|164,5|166,5|164,3|163,3|164,2|161,3
99,67|100,67|100,68|99,68|99,69|100,69|98,68|98,69|98,67
43,42|43,41|43,40|45,42|41,41|42,41|42,39|42,42|41,40|39,41|42,40|44,41
163,4|164,4|164,5|166,5|164,3|163,3|164,2|161,3
43,42|42,42|42,41|42,40|43,41|43,40|44,40|44,41|44,39|41,41|44,42|43,39
163,4|164,4|164,5|166,5|164,3|163,3|159,1|164,2
100,16|99,16|99,15|100,15|101,15|100,14|101,16|99,17
163,4|164,4|164,5|164,3|163,3|159,1|164,2|163,2
43,42|42,42|42,43|42,41|43,41|43,40|44,40|44,41|44,42|41,41|43,39|42,40
79,21|79,20|80,20|79,19|80,21|80,22|77,17|80,19|80,17|81,20|81,21|78,18
43,42|42,42|42,41|42,40|43,41|43,40|44,40|44,41|44,39|41,41|44,42|41,42
43,42|42,42|42,41|42,40|43,41|43,40|44,40|44,41|44,42|40,41|43,39|41,41
43,42|42,42|42,41|42,40|43,41|43,40|44,40|44,41|44,39|41,41|44,42|43,39
43,42|43,41|43,40|45,42|41,41|42,41|42,39|42,42|41,40|39,41|42,40|44,40
16,53|17,53|18,53|18,52|19,49|19,52|19,55|19,53|19,54|18,54|18,55|19,51|20,54|21,50|17,54
43,42|42,42|42,41|42,40|43,41|43,40|44,40|44,41|44,42|43,39|41,41|40,40
163,4|164,4|164,5|164,3|163,3|159,1|166,5|164,2
100,16|99,16|99,15|100,15|101,15|100,14|101,16|99,17
89,9|89,8|89,7|90,8|88,9|88,8|90,7|92,3
43,42|43,41|43,40|45,42|41,41|42,41|42,39|42,42|41,40|42,40|44,40|40,41
79,21|79,20|80,20|79,19|80,21|77,17|80,19|80,17|81,20|81,21|79,18|78,19
43,42|42,42|42,41|43,41|43,40|44,40|44,41|44,42|41,41|43,39|42,40|43,43
16,53|17,53|17,54|16,54|18,53|18,52|19,52|19,53|19,54|18,54|20,50|18,55|18,51|19,50|20,55
77,21|78,21|79,21|79,20|80,20|79,19|80,21|80,19|79,22|80,22|78,20|80,18
89,9|89,8|89,7|88,7|88,8|90,8|90,7|92,3
17,53|18,53|18,52|19,49|19,52|19,55|19,53|19,54|18,54|18,55|19,51|20,54|21,50|17,54|16,52
43,42|42,42|42,41|42,40|43,41|43,40|44,40|44,42|43,39|41,41|40,40|40,41
43,42|43,41|43,40|45,42|41,41|42,41|42,39|42,42|41,40|39,41|42,40|44,40
43,42|43,41|43,40|45,42|41,41|42,41|42,39|44,40|42,42|42,40|38,41|41,39
163,4|164,4|164,5|164,3|163,3|164,2|163,2|159,2
163,4|164,4|164,5|164,3|163,3|159,1|164,2|163,2
163,4|164,4|164,5|166,5|164,3|163,3|159,1|164,2
77,21|78,21|79,21|79,20|79,19|80,21|80,19|79,22|80,22|78,20|80,17|81,20
16,53|17,53|17,54|16,54|18,53|18,52|19,52|19,53|19,54|18,54|20,50|18,55|18,51|19,50|20,55
43,42|43,41|43,40|45,42|41,41|42,41|42,39|44,40|42,42|41,40|42,40|37,41
43,42|43,41|43,40|45,42|41,41|42,41|42,39|42,42|41,40|39,41|42,40|44,41
100,16|99,15|100,15|101,15|100,14|101,16|99,17|98,16
89,8|89,7|90,8|88,9|88,8|90,7|92,3|89,10
43,42|43,41|43,40|45,42|42,41|42,39|42,42|41,40|42,40|44,41|40,41|39,40