166,6|92,21|97,23|164,6|98,24|19,18|96,24|19,20|162,6
119,13|127,2|131,29|150,17|127,40|130,29|16,17|130,28|84,9|90,29
97,23|164,6|98,24|19,18|99,23|166,6|94,21|18,19|94,23
121,16|167,6|82,13|93,21|86,10|164,4|98,18|121,15
119,13|127,2|131,29|150,17|127,40|130,29|16,17|130,28|84,9|90,29
67,55|68,56|85,10|67,56|16,17|119,17|166,6|118,11|40,7|39,6|137,26
92,21|69,55|68,56|69,54|70,56|68,55|40,4|13,34|85,10|67,55|108,8|58,59|157,6
97,23|164,6|98,24|19,18|99,23|166,6|24,13|94,21|95,21
119,13|127,2|131,29|150,17|127,40|130,29|16,17|130,28|84,9|90,29
119,13|127,2|131,29|150,17|127,40|130,29|16,17|130,28|84,9|90,29
119,13|127,2|131,29|150,17|127,40|130,29|16,17|130,28|84,9|90,29
67,55|68,56|85,10|16,17|119,17|166,6|118,11|39,6|137,26|30,48|63,56
86,9|167,6|87,9|168,6|169,6|87,8|164,5|89,8
97,23|164,6|98,24|19,18|99,23|166,6|94,21|95,21|21,11
86,9|167,6|87,9|168,6|169,6|87,8|82,14|169,4
119,13|131,29|150,17|130,29|16,17|130,28|84,9|71,55|99,23|143,29
128,1|67,55|68,56|85,10|129,2|67,56|16,17|118,9|118,7|96,23|38,41
99,25|99,24|98,25|84,7|83,7|84,6|98,24|84,8
92,21|97,23|164,6|98,24|19,18|166,6|24,13|94,21|94,22
119,13|127,2|131,29|150,17|127,40|130,29|16,17|130,28|84,9|90,29
121,16|121,17|93,21|120,15|122,16|121,15|94,21|84,9
86,9|167,6|87,9|168,6|169,6|87,8|164,5|121,13
67,55|68,56|85,10|67,56|16,17|166,6|118,11|40,7|39,6|137,26|99,18
92,21|107,5|17,53|18,53|18,52|67,55|100,32|69,55|16,17|77,15|120,16|68,55|150,17
119,13|127,2|131,29|150,17|130,29|16,17|130,28|84,9|90,29|18,17
92,21|107,5|17,53|18,53|18,52|42,6|67,55|69,55|18,54|169,15|156,6|68,57|74,4
92,21|69,55|68,56|69,54|70,56|68,55|40,4|13,34|85,10|67,55|108,8|41,5|20,21
166,6|92,21|97,23|164,6|98,24|19,18|96,24|19,20|162,6
119,13|127,2|127,4|13,14|127,3|128,3|121,13|91,21|92,21|35,7
119,13|127,2|127,4|13,14|127,3|128,3|121,13|92,21|18,51|87,10
166,6|92,21|97,23|164,6|98,24|19,18|96,24|19,20|162,6
99,25|99,28|99,27|98,27|85,10|141,29|141,30|88,10
86,9|167,6|87,9|168,6|87,8|164,5|121,13|93,21
130,30|67,55|68,56|85,10|16,17|118,9|118,7|91,24|91,22|71,55|20,8
99,24|98,25|84,7|82,7|83,7|84,6|98,24|85,7
99,24|84,7|82,7|83,7|84,6|98,24|85,7|81,13
97,23|164,6|98,24|19,18|99,23|166,6|24,13|94,21|95,21
93,21|86,9|87,9|169,6|87,8|164,5|94,21|62,5
119,13|127,2|127,4|13,14|127,3|128,3|91,21|92,21|61,59|92,20
67,55|68,56|85,10|67,56|16,17|166,6|118,11|40,7|39,6|137,26|99,18
92,21|97,23|164,6|19,18|166,6|142,29|87,8|117,9|121,13
68,56|85,10|67,56|16,17|166,6|118,11|40,7|39,6|137,26|29,47|83,9
119,13|127,2|131,29|150,17|127,40|130,29|16,17|130,28|84,9|90,29
119,13|127,2|131,29|150,17|127,40|130,29|16,17|130,28|84,9|90,29
99,25|99,24|98,25|84,7|83,7|84,6|98,24|98,26
92,21|97,23|164,6|98,24|19,18|99,23|166,6|94,21|122,16
119,13|127,2|150,17|127,40|130,29|16,17|130,28|84,9|69,55|95,5
119,13|131,29|150,17|127,40|130,29|16,17|130,28|84,9|17,17|35,6
92,21|69,55|68,56|70,56|68,55|40,4|13,34|85,10|67,55|108,8|157,6|38,41|27,15
119,13|127,2|127,4|13,14|127,3|128,3|91,21|92,21|61,59|92,20
99,25|98,25|84,7|82,7|83,7|84,6|98,24|99,28
118,12|92,21|71,55|69,55|68,56|69,54|70,56|68,55|67,56|35,1|66,56|18,17|18,8
166,6|92,21|97,23|164,6|98,24|19,18|96,24|19,20|162,6
99,25|99,24|98,25|84,7|83,7|84,6|98,24|84,8
99,25|98,25|84,7|83,7|84,6|98,24|169,5|169,6
128,1|67,55|68,56|85,10|129,2|67,56|16,17|118,7|96,23|29,34|128,3
92,21|69,55|68,56|70,56|68,55|13,34|85,10|67,55|108,8|157,6|38,41|27,15|19,8
99,25|99,24|98,25|98,28|99,28|97,29|99,27|98,27
121,16|167,6|82,13|93,21|86,10|164,4|98,18|121,15
92,21|97,23|164,6|98,24|19,18|99,23|166,6|94,21|117,13
92,21|69,55|68,56|69,54|2,35|70,56|68,55|40,4|85,10|67,55|41,5|29,47|68,59
128,1|67,55|68,56|85,10|129,2|16,17|118,9|118,7|96,23|38,41|77,15
86,9|167,6|87,9|168,6|87,8|164,5|121,13|93,21
92,21|107,5|17,53|92,4|18,53|18,52|42,6|67,55|69,55|16,17|77,15|20,8|125,10
130,30|67,55|68,56|85,10|16,17|118,9|91,24|91,22|71,55|20,8|102,14
97,23|164,6|98,24|19,18|99,23|166,6|24,13|94,21|95,21
92,21|97,23|164,6|98,24|19,18|99,23|166,6|94,21|117,13
119,13|127,2|127,4|13,14|127,3|128,3|121,13|91,21|92,21|35,7
93,21|86,9|167,6|87,9|168,6|169,6|164,4|164,5
68,56|85,10|67,56|16,17|166,6|61,56|118,11|97,23|91,20|107,5|19,21
92,21|107,5|17,53|18,53|18,52|67,55|69,55|19,53|105,6|89,26|108,3|104,9|19,54
92,21|97,23|164,6|98,24|19,18|99,23|166,6|94,21|122,16
93,21|86,9|167,6|19,17|87,9|83,10|93,20|24,18
92,21|69,55|68,56|69,54|2,35|70,56|68,55|85,10|67,55|41,5|29,47|68,59|42,5
67,55|68,56|85,10|67,56|16,17|166,6|61,56|118,11|97,23|91,20|17,16
119,13|127,2|131,29|150,17|130,29|16,17|130,28|84,9|90,29|18,17
167,6|87,9|168,6|87,8|164,5|121,13|93,21|167,4
130,30|67,55|68,56|85,10|16,17|118,9|91,24|91,22|71,55|20,8|102,14
128,1|67,55|68,56|85,10|16,17|118,9|118,7|96,23|38,41|77,15|19,17
92,21|69,55|68,56|69,54|2,35|70,56|68,55|40,4|85,10|67,55|41,5|69,56|3,41
97,23|164,6|98,24|19,18|99,23|166,6|94,21|18,19|94,23
86,9|167,6|87,9|168,6|87,8|164,5|121,13|93,21
99,25|98,25|84,7|83,7|84,6|98,24|169,5|169,6
84,7|82,7|83,7|84,6|85,7|143,22|168,6|88,10
86,9|167,6|87,9|168,6|169,6|87,8|167,8|20,15
99,25|99,24|98,25|84,7|83,7|84,6|98,24|84,8
92,21|97,23|164,6|98,24|19,18|99,23|166,6|94,21|122,16
97,23|164,6|98,24|19,18|166,6|94,21|18,19|94,23|96,21
99,25|98,25|84,7|83,7|84,6|98,24|169,5|169,6
92,21|164,6|19,18|166,6|85,7|24,15|164,4|143,24|164,3
99,25|99,28|99,27|98,27|85,10|141,29|141,30|88,10
121,16|121,17|120,15|122,16|123,16|121,15|87,7|95,6
92,21|107,5|17,53|18,53|18,52|67,55|69,55|17,52|19,53|89,28|89,26|108,3|101,11
119,13|127,2|131,29|150,17|127,40|130,29|16,17|130,28|84,9|90,29
99,24|84,7|82,7|83,7|84,6|98,24|85,7|81,13
92,21|97,23|98,24|19,18|99,23|166,6|94,21|117,13|96,21
119,13|127,2|127,4|13,14|127,3|128,3|121,13|91,21|92,21|35,7
166,6|92,21|97,23|164,6|98,24|19,18|96,24|19,20|162,6
121,16|121,17|120,15|122,16|123,16|121,15|87,7|95,6
99,24|98,25|84,7|83,7|84,6|98,24|84,8|94,21
86,9|167,6|87,9|168,6|169,6|87,8|167,8|20,15
67,55|68,56|85,10|67,56|16,17|166,6|118,11|2,36|143,24|93,20|5,39
166,6|92,21|97,23|164,6|98,24|19,18|96,24|19,20|162,6
93,21|86,9|167,6|19,17|87,9|83,10|93,20|139,25
67,55|68,56|85,10|67,56|16,17|166,6|118,11|97,23|91,20|17,16|2,35
92,21|97,23|164,6|19,18|166,6|142,29|87,8|117,9|121,13
92,21|164,6|19,18|166,6|85,7|24,15|164,4|143,24|164,3
119,13|131,29|150,17|127,40|130,29|16,17|130,28|84,9|17,17|35,6
97,23|164,6|98,24|19,18|99,23|166,6|94,21|18,19|94,23
119,13|131,29|150,17|127,40|130,29|16,17|130,28|84,9|90,29|127,41
119,13|127,2|127,4|13,14|128,3|121,13|123,3|22,9|12,15|127,3
86,9|167,6|87,9|168,6|169,6|87,8|164,5|121,13
118,12|92,21|71,55|69,55|68,56|69,54|70,56|68,55|67,56|35,1|66,56|18,17|66,63
97,23|164,6|98,24|19,18|99,23|166,6|24,13|94,21|95,21
99,25|99,24|98,25|84,7|83,7|84,6|98,24|98,26
99,25|98,25|84,7|83,7|84,6|98,24|169,5|169,6
67,55|68,56|85,10|16,17|66,56|67,57|142,29|23,13|141,31|118,10|66,60
118,12|92,21|71,55|69,55|68,56|70,56|68,55|67,56|70,55|68,57|68,59|88,5|25,20
118,12|92,21|71,55|69,55|68,56|70,56|68,55|67,56|68,57|68,59|88,5|25,20|66,55
85,8|85,6|85,9|84,9|67,57|86,10|21,8|22,8|84,8
92,21|97,23|164,6|98,24|19,18|99,23|166,6|94,21|122,16
92,21|69,55|68,56|69,54|70,56|68,55|85,10|67,55|41,5|68,59|42,5|30,47|79,19
92,21|107,5|17,53|18,53|18,52|42,6|67,55|69,55|18,54|169,15|156,6|68,57|74,4
92,21|27,33|27,32|157,6|107,5|17,54|17,53|108,8|18,54|67,55|83,27|123,3|91,20
92,21|69,55|68,56|2,35|70,56|68,55|40,4|85,10|67,55|41,5|29,47|68,59|28,46
92,21|97,23|164,6|98,24|19,18|166,6|94,21|122,16|19,16
92,21|27,33|157,6|107,5|17,54|17,53|25,12|108,8|18,54|90,21|26,33|92,11|18,53
86,9|167,6|87,9|168,6|169,6|87,8|121,13|64,60
92,21|69,55|68,56|70,56|68,55|40,4|85,10|67,55|108,8|157,6|38,41|27,15|13,34
86,9|167,6|87,9|168,6|169,6|164,5|121,13|142,26
121,16|121,17|93,21|120,15|122,16|121,15|94,21|84,9
119,13|127,2|127,4|13,14|128,3|121,13|123,3|22,9|12,15|127,3
86,9|167,6|87,9|168,6|164,5|121,13|142,26|97,18
92,21|27,33|27,32|107,5|17,54|17,53|108,8|26,32|18,54|90,21|158,6|86,28|26,33
119,13|127,2|131,29|130,29|16,17|130,28|84,9|90,29|18,17|127,1
119,13|127,2|127,4|13,14|127,3|128,3|121,13|123,3|22,9|126,43
92,21|69,55|68,56|70,56|68,55|40,4|13,34|85,10|67,55|108,8|157,6|38,41|27,15
92,21|69,55|68,56|70,56|68,55|40,4|85,10|67,55|108,8|157,6|38,41|27,15|13,34
86,9|167,6|87,9|168,6|169,6|164,5|121,13|142,26
97,23|164,6|98,24|19,18|99,23|166,6|24,13|94,21|95,21
121,16|121,17|93,21|122,16|121,15|94,21|84,9|144,33
86,9|167,6|168,6|169,6|164,5|121,13|142,26|119,13
166,6|92,21|97,23|164,6|98,24|19,18|96,24|19,20|162,6
99,25|99,28|99,27|98,27|85,10|169,7|100,27|99,24
99,25|99,24|98,25|84,7|83,7|84,6|98,24|84,8
131,29|130,29|130,28|84,9|71,55|40,4|85,10|68,57|88,9|92,21
99,25|99,24|98,25|84,7|83,7|84,6|98,24|84,8
92,21|69,55|68,56|69,54|70,56|68,55|40,4|13,34|85,10|67,55|108,8|58,59|157,6
97,23|164,6|98,24|19,18|99,23|166,6|94,21|95,21|21,11
121,16|121,17|93,21|120,15|122,16|121,15|94,21|84,9
99,25|99,24|98,25|98,28|99,28|99,27|98,27|117,5
92,21|27,33|27,32|107,5|17,54|108,8|26,32|18,54|90,21|158,6|86,28|26,33|28,32
119,13|127,2|131,29|150,17|127,40|130,29|16,17|130,28|84,9|90,29
99,25|99,24|98,25|84,7|83,7|84,6|98,24|84,8
119,13|127,2|127,4|13,14|127,3|128,3|121,13|91,21|92,21|35,7
67,55|68,56|85,10|67,56|16,17|166,6|118,11|40,7|39,6|99,18|124,17
118,12|92,21|71,55|69,55|68,56|70,56|68,55|67,56|68,57|68,59|88,5|25,20|66,55
99,25|99,24|98,25|84,7|83,7|84,6|98,24|84,8
128,1|67,55|68,56|85,10|129,2|67,56|16,17|118,9|118,7|96,23|38,41
92,21|97,23|164,6|98,24|19,18|96,24|19,20|162,6|164,5
92,21|107,5|17,53|18,53|18,52|67,55|69,55|19,53|105,6|89,26|108,3|104,9|19,54
131,29|130,29|130,28|84,9|89,12|85,10|68,57|88,9|132,29|68,55
97,23|164,6|98,24|19,18|99,23|166,6|94,21|122,16|19,16
167,6|87,9|168,6|87,8|164,5|121,13|93,21|167,4
99,25|99,24|98,25|84,7|83,7|84,6|98,24|84,8
92,21|107,5|17,53|18,53|18,52|67,55|69,55|17,52|19,53|89,28|105,6|108,3|150,20
98,25|84,7|82,7|83,7|84,6|98,24|85,7|80,7
121,16|93,21|120,15|122,16|121,15|94,21|84,9|168,5
119,13|127,2|127,4|13,14|127,3|128,3|91,21|92,21|92,20|41,41
99,25|99,28|99,27|98,27|85,10|141,29|141,28|94,16
119,13|131,29|150,17|130,29|16,17|130,28|84,9|71,55|99,23|143,29
98,25|84,7|82,7|83,7|84,6|85,7|80,7|136,28
85,8|85,6|85,9|84,9|67,57|86,10|21,8|22,8|168,2
92,21|97,23|164,6|19,18|166,6|142,29|87,8|117,9|121,13
92,21|107,5|17,53|18,53|18,52|67,55|69,55|19,53|105,6|89,26|108,3|104,9|19,54
119,13|127,2|127,4|127,3|128,3|91,21|92,21|135,50|128,4|25,18
92,21|97,23|164,6|19,18|166,6|94,21|122,16|2,36|167,7
121,16|121,17|93,21|122,16|121,15|94,21|84,9|144,33
92,21|69,55|68,56|70,56|68,55|40,4|13,34|85,10|67,55|108,8|157,6|38,41|27,15
118,12|133,32|92,21|71,55|69,55|68,56|70,56|68,55|67,56|70,55|68,57|68,59|61,59
99,25|99,24|98,25|98,28|99,28|99,27|98,27|97,19
119,13|127,2|131,29|130,29|16,17|130,28|84,9|90,29|18,17|75,10
92,21|97,23|98,24|19,18|99,23|166,6|94,21|117,13|96,21
92,21|69,55|68,56|70,56|68,55|40,4|85,10|67,55|108,8|157,6|38,41|13,34|69,54
86,9|167,6|168,6|164,5|121,13|142,26|119,13|68,59
127,0|129,4|128,1|128,3|129,3|129,2|99,28|130,3|147,33
92,21|164,6|98,24|19,18|99,23|166,6|94,21|122,16|86,9
92,21|157,6|107,5|17,54|17,53|25,12|108,8|18,54|90,21|26,33|92,11|18,53|67,55
99,24|84,7|82,7|83,7|84,6|98,24|85,7|81,13
99,25|99,24|98,25|99,28|99,27|98,27|118,18|95,21
99,25|99,24|98,25|84,7|83,7|84,6|98,24|84,8
97,23|164,6|98,24|19,18|99,23|166,6|94,21|95,21|21,11
86,9|167,6|87,9|168,6|164,5|121,13|142,26|120,15
121,16|93,21|120,15|122,16|121,15|169,5|85,9|93,17
166,6|92,21|97,23|164,6|98,24|19,18|96,24|19,20|162,6
92,21|97,23|164,6|98,24|19,18|99,23|166,6|94,21|93,9
92,21|69,55|68,56|69,54|70,56|68,55|13,34|85,10|67,55|108,8|71,55|106,7|71,54
99,25|99,28|99,27|98,27|85,10|169,7|100,27|99,24
119,13|127,2|131,29|150,17|127,40|130,29|16,17|130,28|84,9|90,29
67,55|68,56|85,10|67,56|16,17|166,6|61,56|118,11|97,23|91,20|13,0
129,4|128,1|128,3|85,8|129,3|129,2|128,2|167,1|130,3
119,13|127,2|131,29|150,17|127,40|130,29|16,17|130,28|84,9|90,29
97,23|164,6|98,24|19,18|99,23|166,6|24,13|94,21|95,21
85,8|85,6|85,9|84,9|67,57|86,10|21,8|22,8|132,31
67,55|68,56|85,10|67,56|16,17|66,56|67,57|142,29|141,31|24,19|147,24
127,0|129,4|128,3|129,3|129,2|99,28|130,3|109,22|130,29
92,21|97,23|164,6|99,23|166,6|98,23|99,25|67,57|163,4
121,16|121,17|93,21|120,15|122,16|121,15|94,21|84,9
67,55|68,56|85,10|67,56|16,17|166,6|118,11|40,7|39,6|137,26|137,25
166,6|92,21|97,23|164,6|98,24|19,18|96,24|19,20|162,6
92,21|97,23|164,6|98,24|19,18|99,23|166,6|94,21|122,16
92,21|107,5|17,53|18,53|18,52|67,55|69,55|19,53|105,6|89,26|108,3|104,9|19,54
99,25|99,28|99,27|98,27|85,10|141,29|141,28|94,16
99,25|99,28|99,27|98,27|85,10|164,4|95,21|87,11
86,9|167,6|168,6|87,8|164,5|121,13|93,21|61,5
84,7|82,7|83,7|84,6|85,7|168,6|93,21|95,8
93,21|86,9|167,6|19,17|87,9|83,10|93,20|166,6
67,55|68,56|85,10|67,56|16,17|166,6|39,6|137,26|35,5|17,17|133,33
118,12|133,32|92,21|71,55|69,55|68,56|70,56|68,55|70,55|19,9|68,57|140,14|0,28
92,21|27,33|27,32|107,5|17,54|108,8|26,32|18,54|90,21|158,6|86,28|26,33|28,32
119,13|127,2|131,29|150,17|127,40|130,29|16,17|130,28|84,9|90,29
119,13|127,2|131,29|130,29|16,17|130,28|84,9|90,29|18,17|127,1
118,12|133,32|92,21|71,55|69,55|68,56|70,56|68,55|67,56|70,55|19,9|68,57|157,9
166,6|92,21|97,23|164,6|98,24|19,18|96,24|19,20|162,6
92,21|69,55|68,56|70,56|68,55|40,4|13,34|85,10|67,55|108,8|157,6|38,41|27,15
99,25|99,28|99,27|98,27|85,10|169,7|100,27|99,24
92,21|69,55|68,56|69,54|70,56|68,55|40,4|85,10|67,55|41,5|29,47|68,59|81,19
119,13|127,2|131,29|150,17|130,29|16,17|130,28|84,9|90,29|18,17
86,9|167,6|87,9|168,6|87,8|164,5|121,13|93,21
85,8|85,6|85,9|84,9|67,57|86,10|21,8|168,2|16,19
121,16|93,21|120,15|122,16|121,15|169,5|85,9|93,17
67,55|68,56|85,10|67,56|16,17|66,56|67,57|142,29|141,31|24,19|147,24
86,9|167,6|87,9|168,6|169,6|164,4|164,5|167,2
129,4|128,3|85,8|129,3|129,2|128,2|96,25|87,10|63,0
131,29|130,29|130,28|84,9|71,55|85,10|68,57|88,9|92,21|15,15
92,21|107,5|17,53|18,53|18,52|67,55|69,55|16,17|77,15|68,55|150,17|21,11|129,4
98,25|84,7|82,7|83,7|84,6|98,24|85,7|136,25
92,21|97,23|164,6|98,24|19,18|166,6|24,13|94,21|94,22
129,4|128,1|128,3|85,8|129,3|129,2|128,2|167,1|130,3
67,55|68,56|85,10|16,17|66,56|67,57|142,29|141,31|24,19|147,24|121,17
67,55|68,56|85,10|67,56|16,17|166,6|40,7|137,26|35,5|17,17|80,8
84,7|82,7|83,7|84,6|85,7|81,13|100,18|167,6
119,13|127,2|131,29|150,17|127,40|130,29|16,17|130,28|84,9|90,29
99,25|99,28|128,3|99,27|61,2|98,27|101,27|61,4
67,55|68,56|85,10|67,56|16,17|67,57|142,29|141,31|24,19|147,24|134,38
93,21|86,9|167,6|19,17|87,9|83,10|93,20|166,6
119,13|127,4|13,14|127,3|128,3|121,13|91,21|91,22|90,22|147,24
86,9|167,6|168,6|164,5|121,13|142,26|119,13|64,60
99,25|99,28|99,27|98,27|85,10|164,4|95,21|81,7
67,55|68,56|85,10|67,56|16,17|166,6|39,6|137,26|35,5|17,17|133,33
24,18
24,18
23,19
24,18
24,18
24,18
23,19
141,29|142,28|141,28|140,29|140,28|142,29|140,30|141,30
91,22|91,21|91,20|90,20|90,21|122,26|92,21|92,22|92,23|92,20
169,3|167,4|167,3|167,2|168,2|168,3|168,4
108,7|107,5|108,5|108,4|108,3|107,4|108,6|107,6|109,7|108,8
98,15|98,14|97,15|97,16|96,15|97,14|98,16
24,18
91,22|91,21|91,20|90,20|90,21|122,26|92,21|92,22|93,21|92,23
91,22|91,21|91,20|90,20|90,21|122,26|92,21|92,22|92,23|93,20
16,20|16,19|17,17|18,17|18,18|18,19|19,19|19,18|17,19|17,18|16,18|19,17
96,20|95,20|94,20|95,21|97,18|97,19|97,20
107,5|108,5|108,4|108,3|107,4|109,6|108,6|107,6|108,7|108,8
108,7|107,5|108,5|108,4|108,3|107,4|108,6|107,6|108,8|109,6
91,22|91,21|91,20|90,20|90,21|122,26|92,21|92,22|92,20|92,23
91,22|91,21|91,20|90,20|90,21|122,26|92,21|92,22|93,20|92,23
91,22|91,21|91,20|90,20|90,21|122,26|92,21|92,22|92,20|92,23
91,22|91,21|91,20|90,20|90,21|122,26|92,21|92,22|93,20|92,23
108,7|107,5|108,5|108,4|108,3|107,4|109,6|108,6|107,6|108,8
91,22|91,21|91,20|90,20|90,21|122,26|92,21|92,22|92,20|92,23
91,22|91,21|91,20|90,20|90,21|122,26|92,21|92,22|92,23|93,20
36,6|39,6|39,5|40,5|40,4|35,5|35,6|35,7|39,4|40,6|36,5|41,5
141,29|142,28|141,28|140,29|140,28|142,29|141,30|140,30
108,7|107,5|108,5|108,4|108,3|107,4|108,6|107,6|108,8|109,7
108,7|107,5|108,5|108,4|108,3|107,4|109,6|108,6|107,6|108,8
168,3|167,4|167,3|167,2|168,4|166,5|167,5
91,22|91,21|91,20|90,20|90,21|93,23|122,26|92,21|92,22|93,21
91,22|91,21|91,20|90,20|90,21|122,26|92,21|92,22|93,23|94,20
91,22|91,21|91,20|90,21|122,26|92,21|92,22|92,23|93,20|90,20
91,22|91,21|91,20|90,21|122,26|92,21|92,22|92,23|93,19|90,20
168,3|167,4|167,3|167,2|168,4|166,5|167,5
91,22|91,21|91,20|90,20|90,21|93,23|122,26|92,21|92,22|93,21
96,20|97,19|95,20|95,21|97,18|97,20|94,20
21,8|20,6|20,7|21,7|20,8|21,9|19,8|19,7|19,6|22,9|20,9|22,8|19,9
108,7|107,5|108,5|108,4|108,3|107,4|108,6|107,6|109,7|108,8
91,22|91,21|91,20|90,20|90,21|122,26|92,21|92,22|92,20|92,23
108,7|107,5|108,5|108,4|108,3|107,4|108,6|107,6|108,8|109,7
91,22|91,21|91,20|90,21|122,26|92,21|92,22|92,23|90,20|92,20
91,22|91,21|91,20|90,20|90,21|122,26|92,21|92,22|93,23|93,21
91,22|91,21|91,20|90,20|90,21|122,26|92,21|92,22|93,23|93,21
91,22|91,21|91,20|90,20|90,21|122,26|92,21|92,22|93,23|93,19
91,22|91,21|91,20|90,20|90,21|122,26|92,21|92,22|93,20|90,22
91,22|91,21|91,20|90,20|90,21|122,26|92,21|92,22|92,20|92,23
91,22|91,21|91,20|90,20|90,21|122,26|92,21|92,22|92,23|93,20
64,2|65,3|65,4|64,4|65,5|63,4|64,3
91,22|91,21|91,20|90,20|90,21|122,26|92,21|92,22|90,22|92,20
91,22|91,21|91,20|90,20|90,21|122,26|92,21|92,22|93,21|93,23
91,22|91,21|91,20|90,20|90,21|122,26|92,21|92,22|92,23|92,20
108,7|107,5|108,5|108,4|108,3|107,4|108,6|107,6|108,8|109,8
168,3|167,4|167,3|167,2|168,4|166,5|167,5
167,4|167,3|167,2|166,5|167,5|168,5|167,6
91,22|91,21|91,20|90,20|90,21|122,26|92,21|92,22|92,20|92,23
16,20|17,17|18,17|18,18|18,19|19,19|19,18|17,19|17,18|19,17|16,17|16,18
91,22|91,21|91,20|90,20|90,21|122,26|92,21|92,22|92,23|94,20
91,22|91,21|91,20|90,20|90,21|122,26|92,21|92,22|92,20|92,23
91,22|91,21|91,20|90,20|90,21|122,26|92,21|92,22|93,21|92,23
108,7|107,5|108,5|108,4|108,3|107,4|108,6|107,6|108,8|109,6
91,22|91,21|91,20|90,20|90,21|122,26|92,21|92,22|92,20|92,23
91,22|91,21|91,20|90,20|90,21|122,26|92,21|92,22|92,23|93,19
91,22|91,21|91,20|90,21|122,26|92,21|92,22|92,23|93,19|90,20
91,22|91,21|91,20|90,20|90,21|122,26|92,21|92,22|94,20|92,23
91,22|91,21|91,20|90,21|122,26|92,21|92,22|92,23|90,20|93,21
91,22|91,21|91,20|90,21|122,26|92,21|92,22|93,19|90,20|93,23
21,9|21,10|21,11|22,9|22,10|23,10|23,11|22,11|20,10|22,12
91,22|91,21|91,20|90,20|90,21|122,26|92,21|92,22|92,23|93,20
21,8|20,6|20,7|21,7|20,8|21,9|19,8|19,7|19,6|18,7|18,6|18,8|17,7
91,22|91,21|91,20|90,20|90,21|122,26|92,21|92,22|92,23|93,20
91,22|91,21|91,20|90,20|90,21|122,26|92,21|92,22|92,23|93,20
91,22|91,21|91,20|90,20|90,21|93,23|122,26|92,21|92,22|94,21
64,2|65,3|65,4|64,4|65,5|64,3|63,3
65,4|64,4|65,5|64,5|63,4|65,3|64,3
91,22|91,21|91,20|90,20|90,21|122,26|92,21|92,22|92,23|93,20
24,18
91,22|91,21|91,20|90,20|90,21|122,26|92,21|92,22|92,23|93,19
91,22|91,21|91,20|90,21|122,26|92,21|92,22|92,23|93,20|90,20
91,22|91,21|91,20|90,21|122,26|92,21|92,22|93,19|90,20|93,23
91,22|91,21|91,20|90,20|90,21|93,23|122,26|92,21|92,22|94,21
91,22|91,21|91,20|90,21|122,26|92,21|92,22|92,23|90,20|93,20
91,22|91,21|91,20|90,20|90,21|122,26|92,21|92,22|93,21|92,23
91,22|91,21|91,20|90,21|122,26|92,21|92,22|93,20|92,23|90,20
91,22|91,21|91,20|90,21|122,26|92,21|92,22|93,19|90,20|93,23
91,22|91,21|91,20|90,20|90,21|122,26|92,21|92,22|92,20|92,23
16,20|17,17|18,17|18,18|18,19|17,19|17,18|16,17|16,18|16,19|17,20|17,16
91,22|91,21|91,20|90,20|90,21|93,23|122,26|92,21|92,22|94,21
108,7|107,5|108,5|108,4|108,3|107,4|108,6|107,6|108,8|109,8
91,22|91,21|91,20|90,20|90,21|122,26|92,21|92,22|92,23|93,19
91,22|91,21|91,20|90,20|90,21|122,26|92,21|92,22|92,20|92,23
108,7|107,5|108,5|108,4|108,3|107,4|109,6|108,6|107,6|108,8
108,7|107,5|108,5|108,4|108,3|107,4|108,6|107,6|108,8|109,7
91,22|91,21|91,20|90,21|122,26|92,21|92,22|92,23|90,20|93,20
91,22|91,21|91,20|90,20|90,21|122,26|92,21|92,22|92,23|93,19
91,22|91,21|91,20|90,20|90,21|122,26|92,21|92,22|90,22|93,20
108,7|107,5|108,5|108,4|108,3|107,4|108,6|107,6|108,8|110,8
91,22|91,21|91,20|90,20|90,21|122,26|92,21|92,22|92,23|93,20
64,4|64,2|65,4|65,3|64,3|63,3|63,4
91,22|91,21|91,20|90,21|122,26|92,21|92,22|92,23|90,20|92,20
91,22|91,21|91,20|90,21|122,26|92,21|92,22|93,19|90,20|93,23
108,7|107,5|108,5|108,4|108,3|107,4|108,6|107,6|108,8|109,8
91,22|91,21|91,20|90,20|90,21|122,26|92,21|92,22|93,21|92,23
91,22|91,21|91,20|90,20|90,21|122,26|92,21|92,22|93,23|93,21
91,22|91,21|91,20|90,20|90,21|122,26|92,21|92,22|90,22|93,21
108,7|107,5|108,5|108,4|108,3|107,4|108,6|107,6|108,8|109,7
91,22|91,21|91,20|90,20|90,21|122,26|92,21|92,22|94,20|92,23
91,22|91,21|91,20|90,20|90,21|122,26|92,21|92,22|92,23|92,20
91,22|91,21|91,20|90,20|90,21|122,26|92,21|92,22|92,20|92,23
91,22|91,21|91,20|90,20|90,21|122,26|92,21|92,22|93,21|92,23
91,22|91,21|91,20|90,20|90,21|122,26|92,21|92,22|94,20|92,23
91,22|91,21|91,20|90,21|122,26|92,21|92,22|92,23|93,20|90,20
108,7|107,5|108,5|108,4|108,3|107,4|108,6|107,6|108,8|109,8
91,22|91,21|91,20|90,20|90,21|122,26|92,21|92,22|92,20|92,23
98,15|98,14|97,15|97,16|96,15|98,16|97,14
91,22|91,21|91,20|90,20|90,21|122,26|92,21|92,22|93,23|94,21
91,22|91,21|91,20|90,21|122,26|92,21|92,22|92,23|90,20|93,19
91,22|91,21|91,20|90,20|90,21|122,26|92,21|92,22|93,20|90,22
91,22|91,21|91,20|90,20|90,21|122,26|92,21|92,22|92,23|92,20
168,3|167,4|167,3|167,2|168,4|166,5|167,5
91,22|91,21|91,20|90,20|90,21|122,26|92,21|92,22|93,19|92,23
91,22|91,21|91,20|90,20|90,21|122,26|92,21|92,22|93,21|92,23
91,22|91,21|91,20|90,20|90,21|122,26|92,21|92,22|92,20|92,23
91,22|91,21|91,20|90,20|90,21|122,26|92,21|92,22|92,23|93,21
91,22|91,21|91,20|90,20|90,21|122,26|92,21|92,22|92,23|93,20
91,22|91,21|91,20|90,21|122,26|92,21|92,22|92,23|93,20|90,20
16,20|16,19|17,17|18,17|18,18|18,19|19,18|17,19|17,18|16,18|19,17|19,19
91,22|91,21|91,20|90,20|90,21|122,26|92,21|92,22|94,20|92,23
91,22|91,21|91,20|90,21|122,26|92,21|92,22|93,19|90,20|93,23
108,7|107,5|108,5|108,4|108,3|107,4|108,6|107,6|108,8|109,6
91,22|91,21|91,20|90,20|90,21|122,26|92,21|92,22|92,23|94,20
91,22|91,21|91,20|90,20|90,21|122,26|92,21|92,22|92,20|92,23
108,7|107,5|108,5|108,4|108,3|107,4|108,6|107,6|108,8|110,8
91,22|91,21|91,20|90,20|90,21|122,26|92,21|92,22|92,23|93,20
24,18
91,22|91,21|91,20|90,20|90,21|122,26|92,21|92,22|93,21|93,23
91,22|91,21|91,20|90,20|90,21|122,26|92,21|92,22|92,23|92,20
91,22|91,21|91,20|90,20|90,21|122,26|92,21|92,22|92,23|93,20
91,22|91,21|91,20|90,20|90,21|122,26|92,21|92,22|92,20|92,23
91,22|91,21|91,20|90,20|90,21|122,26|92,21|92,22|92,23|94,20
108,7|107,5|108,5|108,4|108,3|107,4|108,6|107,6|108,8|109,6
91,22|91,21|91,20|90,20|90,21|122,26|92,21|92,22|93,21|92,23
108,7|107,5|108,5|108,4|108,3|107,4|108,6|107,6|108,8|109,8
91,22|91,21|91,20|90,21|122,26|92,21|92,22|92,23|90,20|93,19
91,22|91,21|91,20|90,20|90,21|122,26|92,21|92,22|90,22|94,20
91,22|91,21|91,20|90,20|90,21|122,26|92,21|92,22|90,22|93,20
91,22|91,21|91,20|90,20|90,21|122,26|92,21|92,22|94,20|93,23
91,22|91,21|91,20|90,20|90,21|122,26|92,21|92,22|92,23|93,20
91,22|91,21|91,20|90,20|90,21|122,26|92,21|92,22|92,23|94,20
91,22|91,21|91,20|90,20|90,21|122,26|92,21|92,22|92,23|94,20
36,6|39,6|39,5|40,5|40,4|35,5|35,6|36,4|35,7|41,5|41,6|39,4
91,22|91,21|91,20|90,20|90,21|122,26|92,21|92,22|92,23|93,19
91,22|91,21|91,20|90,20|90,21|122,26|92,21|92,22|92,23|93,21
91,22|91,21|91,20|90,20|90,21|122,26|92,21|92,22|92,23|94,20
91,22|91,21|91,20|90,21|122,26|92,21|92,22|92,23|90,20|94,20
36,6|39,6|39,5|40,5|40,4|35,5|35,6|38,4|35,7|40,6|37,4|38,7
91,22|91,21|91,20|90,20|90,21|122,26|92,21|92,22|90,22|92,20
64,2|65,3|65,4|64,4|65,5|64,3|63,3
91,22|91,21|91,20|90,20|90,21|122,26|92,21|92,22|92,20|92,23
91,22|91,21|91,20|90,20|90,21|122,26|92,21|92,22|92,23|93,20
21,9|21,10|21,11|22,9|22,10|23,10|23,11|22,11|20,10|22,12
91,22|91,21|91,20|90,21|122,26|92,21|92,22|92,23|90,20|93,19
91,22|91,21|91,20|90,20|90,21|122,26|92,21|92,22|92,20|92,23
91,22|91,21|91,20|90,20|90,21|122,26|92,21|92,22|93,21|93,23
91,22|91,21|91,20|90,20|90,21|122,26|92,21|92,22|92,20|92,23
91,22|91,21|91,20|90,20|90,21|122,26|92,21|92,22|92,23|93,20
108,7|107,5|108,5|108,4|108,3|107,4|108,6|107,6|108,8|109,6
24,18
91,22|91,21|91,20|90,20|90,21|122,26|92,21|92,22|93,21|93,23
91,22|91,21|91,20|90,20|90,21|122,26|92,21|92,22|93,21|92,23
91,22|91,21|91,20|90,20|90,21|122,26|92,21|92,22|92,20|92,23
91,22|91,21|91,20|90,20|90,21|122,26|92,21|92,22|92,23|93,20
91,22|91,21|91,20|90,20|90,21|122,26|92,21|92,22|92,23|93,20
109,8|109,9|108,8|108,7|108,6|109,7|110,8|110,7|109,6
91,22|91,21|91,20|90,20|90,21|122,26|92,21|92,22|92,23|93,20
108,7|107,5|108,5|108,4|108,3|107,4|108,6|107,6|109,7|108,8
91,22|91,21|91,20|90,20|90,21|122,26|92,21|92,22|92,23|92,20
108,7|107,5|108,5|108,4|108,3|107,4|108,6|107,6|108,8|109,7
91,22|91,21|91,20|90,20|90,21|93,23|122,26|92,21|92,22|94,21
91,22|91,21|91,20|90,20|90,21|122,26|92,21|92,22|94,20|92,23
91,22|91,21|91,20|90,21|122,26|92,21|92,22|92,23|90,20|94,20
91,22|91,21|91,20|90,21|122,26|92,21|92,22|92,23|90,20|93,21
91,22|91,21|91,20|90,21|122,26|92,21|92,22|93,19|90,20|93,23
91,22|91,21|91,20|90,20|90,21|122,26|92,21|92,22|92,20|92,23
91,22|91,21|91,20|90,20|90,21|122,26|92,21|92,22|93,21|93,23
91,22|91,21|91,20|90,21|122,26|92,21|92,22|93,19|90,20|93,23
91,22|91,21|91,20|90,20|90,21|122,26|92,21|92,22|92,23|93,21
91,22|91,21|91,20|90,20|90,21|122,26|92,21|92,22|92,23|93,20
122,14|120,15|120,16|122,15|121,15|121,16|121,13|119,15
91,22|91,21|91,20|90,20|90,21|122,26|92,21|92,22|92,23|92,20
108,7|107,5|108,5|108,4|108,3|107,4|108,6|107,6|108,8|109,6
91,22|91,21|91,20|90,20|90,21|122,26|92,21|92,22|92,23|93,20
24,18
91,22|91,21|91,20|90,20|90,21|122,26|92,21|92,22|92,20|92,23
91,22|91,21|91,20|90,20|90,21|122,26|92,21|92,22|93,21|92,23
91,22|91,21|91,20|90,20|90,21|122,26|92,21|92,22|92,23|93,20
91,22|91,21|91,20|90,21|122,26|92,21|92,22|93,19|90,20|92,23
91,22|91,21|91,20|90,20|90,21|122,26|92,21|92,22|92,23|92,20
91,22|91,21|91,20|90,21|122,26|92,21|92,22|92,23|90,20|93,19
91,22|91,21|91,20|90,20|90,21|122,26|92,21|92,22|93,21|93,23
91,22|91,21|91,20|90,20|90,21|93,23|122,26|92,21|92,22|94,20
91,22|91,21|91,20|90,20|90,21|122,26|92,21|92,22|92,23|93,21
91,22|91,21|91,20|90,20|90,21|122,26|92,21|92,22|93,21|90,22
91,22|91,21|91,20|90,20|90,21|122,26|92,21|92,22|92,23|93,20
91,22|91,21|91,20|90,20|90,21|122,26|92,21|92,22|92,23|93,21
91,22|91,21|91,20|90,21|122,26|92,21|92,22|93,19|90,20|92,23
91,22|91,21|91,20|90,20|90,21|122,26|92,21|92,22|92,20|92,23
91,22|91,21|91,20|90,20|90,21|122,26|92,21|92,22|92,23|93,20
91,22|91,21|91,20|90,20|90,21|122,26|92,21|92,22|92,23|93,20
141,29|142,28|141,28|140,29|140,28|142,29|141,30|140,30
91,22|91,21|91,20|90,21|122,26|92,21|92,22|93,19|90,20|93,23
91,22|91,21|91,20|90,20|90,21|122,26|92,21|92,22|92,23|92,20
24,18
91,22|91,21|91,20|90,20|90,21|122,26|92,21|92,22|92,23|93,20
169,3|167,4|167,3|167,2|168,2|168,3|168,4
24,18
91,22|91,21|91,20|90,20|90,21|122,26|92,21|92,22|92,23|93,20
107,5|108,5|108,4|108,3|107,4|108,6|107,6|108,7|108,8|109,7
91,22|91,21|91,20|90,20|90,21|122,26|92,21|92,22|92,23|93,20
91,22|91,21|91,20|90,20|90,21|122,26|92,21|92,22|92,20|92,23
91,22|91,21|91,20|90,20|90,21|93,23|122,26|92,21|92,22|94,21
91,22|91,21|91,20|90,20|90,21|122,26|92,21|92,22|94,20|92,23
91,22|91,21|91,20|90,21|122,26|92,21|92,22|93,19|90,20|93,23
108,7|107,5|108,5|108,4|108,3|107,4|108,6|107,6|108,8|109,7
91,22|91,21|91,20|90,20|90,21|122,26|92,21|92,22|92,23|92,20
91,22|91,21|91,20|90,20|90,21|122,26|92,21|92,22|92,20|92,23
91,22|91,21|91,20|90,20|90,21|122,26|92,21|92,22|92,23|93,21
108,7|107,5|108,5|108,4|108,3|107,4|108,6|107,6|108,8|109,8
108,7|107,5|108,5|108,4|108,3|107,4|108,6|107,6|108,8|109,6
91,22|91,21|91,20|90,21|122,26|92,21|92,22|93,19|90,20|93,23
108,7|107,5|108,5|108,4|108,3|107,4|108,6|107,6|108,8|109,6
91,22|91,21|91,20|90,20|90,21|122,26|92,21|92,22|93,19|92,23
91,22|91,21|91,20|90,20|90,21|122,26|92,21|92,22|92,23|94,20
108,7|107,5|108,5|108,4|108,3|107,4|108,6|107,6|108,8|109,7
108,7|107,5|108,5|108,4|108,3|107,4|108,6|107,6|108,8|109,6
91,22|91,21|91,20|90,20|90,21|122,26|92,21|92,22|92,23|93,20
141,29|142,28|141,28|140,29|140,28|142,29|140,30|141,30
91,22|91,21|91,20|90,20|90,21|122,26|92,21|92,22|92,20|92,23
91,22|91,21|91,20|90,20|90,21|122,26|92,21|92,22|93,21|92,23
91,22|91,21|91,20|90,21|122,26|92,21|92,22|92,23|90,20|92,20
108,7|107,5|108,5|108,4|108,3|107,4|108,6|107,6|108,8|109,8
91,22|91,21|91,20|90,20|90,21|122,26|92,21|92,22|93,21|92,23
91,22|91,21|91,20|90,20|90,21|122,26|92,21|92,22|93,21|92,23
91,22|91,21|91,20|90,20|90,21|122,26|92,21|92,22|92,23|93,20
91,22|91,21|91,20|90,20|90,21|122,26|92,21|92,22|92,23|93,20
91,22|91,21|91,20|90,20|90,21|122,26|92,21|92,22|92,23|93,19
91,22|91,21|91,20|90,20|90,21|122,26|92,21|92,22|92,23|92,20
64,2|65,3|65,4|64,4|65,5|64,3|63,3
24,18
91,22|91,21|91,20|90,20|90,21|122,26|92,21|92,22|92,20|92,23
91,22|91,21|91,20|90,20|90,21|122,26|92,21|92,22|92,20|92,23
91,22|91,21|91,20|90,20|90,21|122,26|92,21|92,22|92,23|93,19
91,22|91,21|91,20|90,20|90,21|122,26|92,21|92,22|93,23|94,21
36,6|39,6|39,5|40,5|40,4|35,5|35,6|38,4|35,7|40,6|37,4|38,7
91,22|91,21|91,20|90,20|90,21|122,26|92,21|92,22|93,23|93,21
91,22|91,21|91,20|90,20|90,21|122,26|92,21|92,22|93,19|92,23
91,22|91,21|91,20|90,20|90,21|122,26|92,21|92,22|92,23|93,21
91,22|91,21|91,20|90,20|90,21|122,26|92,21|92,22|92,23|93,20
91,22|91,21|91,20|90,20|90,21|122,26|92,21|92,22|92,23|93,21
91,22|91,21|91,20|90,20|90,21|122,26|92,21|92,22|92,23|92,20
91,22|91,21|91,20|90,20|90,21|122,26|92,21|92,22|92,23|93,20
91,22|91,21|91,20|90,20|90,21|122,26|92,21|92,22|92,23|92,20
91,22|91,21|91,20|90,20|90,21|122,26|92,21|92,22|92,23|94,20
91,22|91,21|91,20|90,20|90,21|122,26|92,21|92,22|92,20|92,23
91,22|91,21|91,20|90,20|90,21|122,26|92,21|92,22|92,20|92,23
91,22|91,21|91,20|90,20|90,21|122,26|92,21|92,22|92,23|94,20
91,22|91,21|91,20|90,21|122,26|92,21|92,22|92,23|90,20|93,20
91,22|91,21|91,20|90,20|90,21|122,26|92,21|92,22|93,21|92,23
108,7|107,5|108,5|108,4|108,3|107,4|108,6|107,6|108,8|109,6
91,22|91,21|91,20|90,20|90,21|122,26|92,21|92,22|92,23|93,19
91,22|91,21|91,20|90,20|90,21|122,26|92,21|92,22|92,20|92,23
91,22|91,21|91,20|90,20|90,21|122,26|92,21|92,22|92,20|92,23
91,22|91,21|91,20|90,20|90,21|122,26|92,21|92,22|92,23|92,20
24,18
91,22|91,21|91,20|90,20|90,21|122,26|92,21|92,22|92,23|93,21
108,7|107,5|108,5|108,4|108,3|107,4|108,6|107,6|108,8|109,6
91,22|91,21|91,20|90,20|90,21|122,26|92,21|92,22|94,20|92,23
91,22|91,21|91,20|90,20|90,21|122,26|92,21|92,22|93,21|92,23
108,7|107,5|108,5|108,4|108,3|107,4|108,6|107,6|108,8|109,8
91,22|91,21|91,20|90,20|90,21|122,26|92,21|92,22|92,23|93,20
91,22|91,21|91,20|90,20|90,21|122,26|92,21|92,22|92,23|94,20
91,22|91,21|91,20|90,20|90,21|122,26|92,21|92,22|92,20|92,23
91,22|91,21|91,20|90,21|122,26|92,21|92,22|92,23|90,20|93,21
108,7|107,5|108,5|108,4|108,3|107,4|108,6|107,6|109,7|108,8
91,22|91,21|91,20|90,20|90,21|122,26|92,21|92,22|92,23|93,20
91,22|91,21|91,20|90,20|90,21|122,26|92,21|92,22|92,23|94,20
108,7|107,5|108,5|108,4|108,3|107,4|108,6|107,6|108,8|109,8
91,22|91,21|91,20|90,20|90,21|122,26|92,21|92,22|92,23|92,20
91,22|91,21|91,20|90,20|90,21|122,26|92,21|92,22|92,23|93,20
141,29|142,28|141,28|140,29|140,28|142,29|140,30|141,30
91,22|91,21|91,20|90,20|90,21|122,26|92,21|92,22|92,23|93,19
36,6|39,6|39,5|40,5|40,4|35,5|35,6|35,7|39,4|40,6|36,5|41,5
91,22|91,21|91,20|90,20|90,21|122,26|92,21|92,22|92,23|93,20
23,19
91,22|91,21|91,20|90,20|90,21|122,26|92,21|92,22|92,20|92,23
91,22|91,21|91,20|90,20|90,21|122,26|92,21|92,22|92,23|93,20
168,3|167,4|167,3|168,5|168,4|167,5|166,5
91,22|91,21|91,20|90,20|90,21|122,26|92,21|92,22|92,20|92,23
91,22|91,21|91,20|90,21|122,26|92,21|92,22|92,23|90,20|93,20
91,22|91,21|91,20|90,21|122,26|92,21|92,22|90,20|93,21|93,23
23,19
108,7|107,5|108,5|108,4|108,3|107,4|108,6|107,6|108,8|109,8
91,22|91,21|91,20|90,20|90,21|122,26|92,21|92,22|92,23|93,19
108,7|107,5|108,5|108,4|108,3|107,4|108,6|107,6|108,8|109,8
91,22|91,21|91,20|90,20|90,21|122,26|92,21|92,22|92,23|93,21
108,7|107,5|108,5|108,4|108,3|107,4|108,6|107,6|108,8|109,6
108,7|107,5|108,5|108,4|108,3|107,4|108,6|107,6|108,8|109,6
91,22|91,21|91,20|90,20|90,21|122,26|92,21|92,22|92,23|93,19
91,22|91,21|91,20|90,20|90,21|122,26|92,21|92,22|92,20|92,23
98,15|98,14|97,15|96,15|96,14|97,14|95,15
91,22|91,21|91,20|90,20|90,21|122,26|92,21|92,22|92,20|92,23
91,22|91,21|91,20|90,20|90,21|122,26|92,21|92,22|92,23|93,20
91,22|91,21|91,20|90,20|90,21|122,26|92,21|92,22|92,23|93,21
91,22|91,21|91,20|90,20|90,21|122,26|92,21|92,22|92,23|93,20
91,22|91,21|91,20|90,20|90,21|122,26|92,21|92,22|92,23|94,20
91,22|91,21|91,20|90,20|90,21|122,26|92,21|92,22|92,20|92,23
108,7|107,5|108,5|108,4|108,3|107,4|108,6|107,6|108,8|109,7
98,15|98,14|97,15|97,14|99,15|98,13|99,14
23,19
91,22|91,21|91,20|90,20|90,21|122,26|92,21|92,22|92,20|92,23
98,15|98,14|97,15|97,16|96,15|97,14|98,16
16,20|16,19|17,17|18,17|18,18|18,19|19,19|19,18|17,19|17,18|16,18|19,17
24,18
91,22|91,21|91,20|90,20|90,21|122,26|92,21|92,22|92,23|92,20
91,22|91,21|91,20|90,20|90,21|122,26|92,21|92,22|92,20|92,23
91,22|91,21|91,20|90,20|90,21|122,26|92,21|92,22|94,20|92,23
168,3|167,4|167,3|168,4|166,5|167,5|168,5
91,22|91,21|91,20|90,20|90,21|122,26|92,21|92,22|93,19|92,23
91,22|91,21|91,20|90,20|90,21|122,26|92,21|92,22|92,20|92,23
91,22|91,21|91,20|90,20|90,21|122,26|92,21|92,22|92,23|92,20
91,22|91,21|91,20|90,20|90,21|122,26|92,21|92,22|92,23|92,20
91,22|91,21|91,20|90,21|122,26|92,21|92,22|92,23|90,20|94,20
108,7|107,5|108,5|108,4|108,3|107,4|108,6|107,6|108,8|109,7
64,4|64,2|65,3|64,3|63,3|63,4|65,5
91,22|91,21|91,20|90,20|90,21|122,26|92,21|92,22|94,20|93,23
91,22|91,21|91,20|90,20|90,21|122,26|92,21|92,22|92,23|92,20
91,22|91,21|91,20|90,21|122,26|92,21|92,22|92,23|90,20|94,20
91,22|91,21|91,20|90,20|90,21|122,26|92,21|92,22|92,20|92,23
91,22|91,21|91,20|90,20|90,21|122,26|92,21|92,22|93,21|92,23
91,22|91,21|91,20|90,20|90,21|122,26|92,21|92,22|93,21|93,23
91,22|91,21|91,20|90,21|122,26|92,21|92,22|90,20|93,19|93,23
91,22|91,21|91,20|90,20|90,21|122,26|92,21|92,22|92,23|93,19
91,22|91,21|91,20|90,20|90,21|122,26|92,21|92,22|92,23|94,20
91,22|91,21|91,20|90,20|90,21|122,26|92,21|92,22|92,23|92,20
108,7|107,5|108,5|108,4|108,3|107,4|108,6|107,6|108,8|109,8
91,22|91,21|91,20|90,20|90,21|122,26|92,21|92,22|93,21|92,23
91,22|91,21|91,20|90,20|90,21|122,26|92,21|92,22|92,23|92,20
91,22|91,21|91,20|90,20|90,21|93,23|122,26|92,21|92,22|94,20
91,22|91,21|91,20|90,20|90,21|122,26|92,21|92,22|92,23|93,20
91,22|91,21|91,20|90,20|90,21|122,26|92,21|92,22|93,21|93,23
91,22|91,21|91,20|90,20|90,21|122,26|92,21|92,22|92,23|93,19
20,7|20,8|19,8|19,7|19,6|18,7|18,6|18,8|21,9|21,8|22,9|19,5|21,11
36,6|39,6|39,5|40,5|40,4|35,5|35,6|35,7|39,4|40,6|41,5|36,4
108,7|107,5|108,5|108,4|108,3|107,4|108,6|107,6|108,8|109,7
91,22|91,21|91,20|90,20|90,21|122,26|92,21|92,22|93,21|92,23
91,22|91,21|91,20|90,20|90,21|122,26|92,21|92,22|93,21|92,23
91,22|91,21|91,20|90,20|90,21|122,26|92,21|92,22|92,23|92,20
91,22|91,21|91,20|90,20|90,21|122,26|92,21|92,22|90,22|93,20
91,22|91,21|91,20|90,21|122,26|92,21|92,22|93,19|90,20|92,23
24,18
91,22|91,21|91,20|90,20|90,21|122,26|92,21|92,22|90,22|92,20
108,7|107,5|108,5|108,4|108,3|107,4|108,6|107,6|108,8|110,8
108,7|107,5|108,5|108,4|108,3|107,4|108,6|107,6|108,8|109,8
23,19
91,22|91,21|91,20|90,20|90,21|122,26|92,21|92,22|92,23|94,20
91,22|91,21|91,20|90,20|90,21|93,23|122,26|92,21|92,22|94,21
91,22|91,21|91,20|90,20|90,21|122,26|92,21|92,22|92,23|93,20
91,22|91,21|91,20|90,20|90,21|122,26|92,21|92,22|93,21|93,23
91,22|91,21|91,20|90,20|90,21|122,26|92,21|92,22|92,23|94,20
108,7|107,5|108,5|108,4|108,3|107,4|108,6|107,6|108,8|109,8
36,6|39,6|39,5|40,5|40,4|35,5|35,6|35,7|39,4|40,6|41,5|36,4
91,22|91,21|91,20|90,20|90,21|122,26|92,21|92,22|92,23|92,20
84,9|82,10|85,10|84,10|83,10|83,9|82,9|81,10
91,22|91,21|91,20|90,20|90,21|122,26|92,21|92,22|92,23|93,19
91,22|91,21|91,20|90,20|90,21|122,26|92,21|92,22|93,23|94,21
108,7|107,5|108,5|108,4|108,3|107,4|108,6|107,6|108,8|109,7
91,22|91,21|91,20|90,21|122,26|92,21|92,22|92,23|90,20|93,20
91,22|91,21|91,20|90,20|90,21|122,26|92,21|92,22|92,23|94,20
91,22|91,21|91,20|90,20|90,21|122,26|92,21|92,22|92,23|92,20
91,22|91,21|91,20|90,21|122,26|92,21|92,22|92,23|90,20|93,21
91,22|91,21|91,20|90,20|90,21|122,26|92,21|92,22|92,23|93,20
91,22|91,21|91,20|90,20|90,21|122,26|92,21|92,22|92,23|93,20
91,22|91,21|91,20|90,20|90,21|122,26|92,21|92,22|90,22|93,19
91,22|91,21|91,20|90,20|90,21|122,26|92,21|92,22|94,20|93,23
91,22|91,21|91,20|90,20|90,21|122,26|92,21|92,22|92,23|94,20
91,22|91,21|91,20|90,20|90,21|122,26|92,21|92,22|92,23|93,20
91,22|91,21|91,20|90,20|90,21|122,26|92,21|92,22|90,22|93,20
91,22|91,21|91,20|90,20|90,21|122,26|92,21|92,22|90,22|92,20
91,22|91,21|91,20|90,20|90,21|122,26|92,21|92,22|94,20|92,23
91,22|91,21|91,20|90,20|90,21|122,26|92,21|92,22|92,23|93,20
91,22|91,21|91,20|90,21|122,26|92,21|92,22|90,20|94,20|93,23
91,22|91,21|91,20|90,20|90,21|122,26|92,21|92,22|93,21|93,23
108,7|107,5|108,5|108,4|108,3|107,4|108,6|107,6|108,8|109,6
108,7|107,5|108,5|108,4|107,4|108,6|107,6|109,7|108,8|107,7
91,22|91,21|91,20|90,20|90,21|122,26|92,21|92,22|92,23|93,20
107,5|108,5|108,4|108,3|107,4|109,6|108,6|107,6|108,7|108,8
36,6|39,6|39,5|40,5|40,4|35,5|35,6|35,7|39,4|40,6|41,5|36,4
91,22|91,21|91,20|90,20|90,21|122,26|92,21|92,22|92,23|93,20
24,18
91,22|91,21|91,20|90,20|90,21|93,23|122,26|92,21|92,22|94,21
91,22|91,21|91,20|90,20|90,21|122,26|92,21|92,22|92,23|93,20
91,22|91,21|91,20|90,20|90,21|122,26|92,21|92,22|92,23|92,20
108,7|107,5|108,5|108,4|108,3|107,4|108,6|107,6|108,8|109,8
91,22|91,21|91,20|90,20|90,21|122,26|92,21|92,22|92,23|93,20
91,22|91,21|91,20|90,20|90,21|122,26|92,21|92,22|92,23|93,20
36,6|39,6|39,5|40,5|40,4|35,5|35,6|35,7|39,4|40,6|41,5|36,4
91,22|91,21|91,20|90,20|90,21|122,26|92,21|92,22|92,23|92,20
108,7|107,5|108,5|108,4|108,3|107,4|108,6|107,6|108,8|110,8
108,7|107,5|108,5|108,4|108,3|107,4|108,6|107,6|108,8|109,7
91,22|91,21|91,20|90,20|90,21|122,26|92,21|92,22|92,23|93,21
91,22|91,21|91,20|90,20|90,21|122,26|92,21|92,22|92,23|92,20
91,22|91,21|91,20|90,20|90,21|122,26|92,21|92,22|92,23|93,20
91,22|91,21|91,20|90,20|90,21|93,23|122,26|92,21|92,22|94,21
91,22|91,21|91,20|90,20|90,21|122,26|92,21|92,22|90,22|92,20
91,22|91,21|91,20|90,20|90,21|122,26|92,21|92,22|92,23|93,20
91,22|91,21|91,20|90,20|90,21|122,26|92,21|92,22|94,20|93,23
91,22|91,21|91,20|90,20|90,21|122,26|92,21|92,22|93,21|93,23
169,3|167,4|167,3|167,2|168,2|168,3|168,4
91,22|91,21|91,20|90,21|122,26|92,21|92,22|92,23|90,20|93,20
91,22|91,21|91,20|90,20|90,21|122,26|92,21|92,22|92,23|92,20
91,22|91,21|91,20|90,20|90,21|122,26|92,21|92,22|92,23|93,19
91,22|91,21|91,20|90,20|90,21|122,26|92,21|92,22|93,21|93,23
91,22|91,21|91,20|90,20|90,21|122,26|92,21|92,22|92,23|93,20
91,22|91,21|91,20|90,20|90,21|122,26|92,21|92,22|92,23|93,20
23,19
108,7|107,5|108,5|108,4|108,3|107,4|108,6|107,6|108,8|109,6
91,22|91,21|91,20|90,20|90,21|122,26|92,21|92,22|92,23|93,20
108,7|107,5|108,5|108,4|108,3|107,4|108,6|107,6|108,8|109,7
91,22|91,21|91,20|90,20|90,21|122,26|92,21|92,22|92,23|93,20
91,22|91,21|91,20|90,21|122,26|92,21|92,22|92,23|90,20|93,20
91,22|91,21|91,20|90,20|90,21|122,26|92,21|92,22|92,23|93,20
91,22|91,21|91,20|90,20|90,21|122,26|92,21|92,22|92,23|93,20
108,7|107,5|108,5|108,4|108,3|107,4|109,6|108,6|107,6|108,8
91,22|91,21|91,20|90,20|90,21|122,26|92,21|92,22|92,23|92,20
21,9|22,9|20,10|21,10|20,11|21,11|22,11|22,10|23,11|23,10|20,9
91,22|91,21|91,20|90,20|90,21|122,26|92,21|92,22|92,23|93,21
91,22|91,21|91,20|90,20|90,21|122,26|92,21|92,22|92,23|93,20
91,22|91,21|91,20|90,20|90,21|122,26|92,21|92,22|93,21|93,23
91,22|91,21|91,20|90,20|90,21|122,26|92,21|92,22|94,20|92,23
91,22|91,21|91,20|90,20|90,21|122,26|92,21|92,22|90,22|93,21
108,7|107,5|108,5|108,4|108,3|107,4|108,6|107,6|108,8|110,8
91,22|91,21|91,20|90,20|90,21|122,26|92,21|92,22|92,23|94,20
36,6|39,6|39,5|40,5|40,4|35,5|35,6|35,7|39,4|40,6|41,5|36,4
91,22|91,21|91,20|90,20|90,21|122,26|92,21|92,22|92,23|93,20
108,7|107,5|108,5|108,4|108,3|107,4|108,6|107,6|108,8|109,6
23,19
91,22|91,21|91,20|90,20|90,21|122,26|92,21|92,22|92,23|92,20
91,22|91,21|91,20|90,20|90,21|122,26|92,21|92,22|93,21|92,23
91,22|91,21|91,20|90,20|90,21|122,26|92,21|92,22|92,23|93,20
91,22|91,21|91,20|90,20|90,21|122,26|92,21|92,22|92,23|94,20
108,7|107,5|108,5|108,4|108,3|107,4|108,6|107,6|108,8|109,7
91,22|91,21|91,20|90,20|90,21|122,26|92,21|92,22|92,23|93,21
91,22|91,21|91,20|90,20|90,21|122,26|92,21|92,22|92,23|93,20
108,7|107,5|108,5|108,4|108,3|107,4|108,6|107,6|108,8|109,8
36,6|39,6|39,5|40,5|40,4|35,5|35,6|35,7|39,4|40,6|36,5|41,5
91,22|91,21|91,20|90,20|90,21|122,26|92,21|92,22|92,23|93,20
91,22|91,21|91,20|90,20|90,21|122,26|92,21|92,22|92,23|92,20
91,22|91,21|91,20|90,20|90,21|122,26|92,21|92,22|92,23|94,20
108,7|107,5|108,5|108,4|108,3|107,4|108,6|107,6|108,8|109,7
91,22|91,21|91,20|90,20|90,21|122,26|92,21|92,22|92,20|92,23
91,22|91,21|91,20|90,20|90,21|122,26|92,21|92,22|92,23|93,20
107,5|108,5|108,4|108,3|107,4|108,6|107,6|108,7|108,8|109,7
91,22|91,21|91,20|90,20|90,21|122,26|92,21|92,22|92,23|94,20
107,5|108,5|108,4|108,3|107,4|108,6|107,6|108,7|108,8|109,7
91,22|91,21|91,20|90,20|90,21|122,26|92,21|92,22|92,23|92,20
36,6|39,6|39,5|40,5|40,4|35,5|35,6|35,7|39,4|40,6|41,5|36,4
91,22|91,21|91,20|90,20|90,21|122,26|92,21|92,22|93,21|92,23
91,22|91,21|91,20|90,20|90,21|122,26|92,21|92,22|92,23|93,19
36,6|39,6|39,5|40,5|40,4|35,5|35,6|35,7|39,4|40,6|41,5|36,4
91,22|91,21|91,20|90,21|122,26|92,21|92,22|93,19|90,20|93,23
91,22|91,21|91,20|90,20|90,21|122,26|92,21|92,22|92,23|93,21
108,7|107,5|108,5|108,4|108,3|107,4|108,6|107,6|108,8|109,8
91,22|91,21|91,20|90,20|90,21|122,26|92,21|92,22|92,23|92,20
36,6|39,6|39,5|40,5|40,4|35,5|35,6|35,7|39,4|40,6|41,5|36,4
91,22|91,21|91,20|90,20|90,21|122,26|92,21|92,22|92,23|93,20
91,22|91,21|91,20|90,20|90,21|122,26|92,21|92,22|92,23|93,19
64,4|65,5|64,5|63,4|65,3|64,3|66,4
91,22|91,21|91,20|90,21|122,26|92,21|92,22|92,23|90,20|92,20
108,7|107,5|108,5|108,4|108,3|107,4|108,6|107,6|108,8|109,6
91,22|91,21|91,20|90,21|122,26|92,21|92,22|92,23|90,20|93,20
91,22|91,21|91,20|90,20|90,21|122,26|92,21|92,22|92,23|93,20
91,22|91,21|91,20|90,20|90,21|122,26|92,21|92,22|92,23|92,20
91,22|91,21|91,20|90,20|90,21|122,26|92,21|92,22|92,20|93,23
91,22|91,21|91,20|90,20|90,21|122,26|92,21|92,22|92,23|94,20
91,22|91,21|91,20|90,20|90,21|122,26|92,21|92,22|92,23|93,20
107,5|108,5|108,4|108,3|107,4|108,6|107,6|108,8|110,8|109,7
91,22|91,21|91,20|90,20|90,21|122,26|92,21|92,22|92,20|93,23
91,22|91,21|91,20|90,20|90,21|122,26|92,21|92,22|90,22|93,20
91,22|91,21|91,20|90,20|90,21|122,26|92,21|92,22|94,20|93,23
91,22|91,21|91,20|90,20|90,21|122,26|92,21|92,22|92,20|93,23
91,22|91,21|91,20|90,20|90,21|122,26|92,21|92,22|92,23|92,20
91,22|91,21|91,20|90,20|90,21|122,26|92,21|92,22|92,23|93,21
109,8|109,9|108,8|108,7|108,6|109,7|110,8|109,6|111,7
108,7|107,5|108,5|108,4|108,3|107,4|108,6|107,6|108,8|109,6
91,22|91,21|91,20|90,20|90,21|93,23|122,26|92,21|92,22|93,21
91,22|91,21|91,20|90,21|122,26|92,21|92,22|93,19|90,20|92,23
91,22|91,21|91,20|90,21|122,26|92,21|92,22|93,19|90,20|93,23
91,22|91,21|91,20|90,20|90,21|122,26|92,21|92,22|93,21|93,23
91,22|91,21|91,20|90,20|90,21|122,26|92,21|92,22|93,21|93,23
91,22|91,21|91,20|90,20|90,21|122,26|92,21|92,22|92,23|92,20
91,22|91,21|91,20|90,20|90,21|122,26|92,21|92,22|92,23|93,20
91,22|91,21|91,20|90,20|90,21|122,26|92,21|92,22|92,23|93,20
91,22|91,21|91,20|90,20|90,21|122,26|92,21|92,22|92,23|93,20
91,22|91,21|91,20|90,20|90,21|122,26|92,21|92,22|92,23|93,19
91,22|91,21|91,20|90,20|90,21|122,26|92,21|92,22|92,23|93,20
91,22|91,21|91,20|90,20|90,21|122,26|92,21|92,22|92,20|93,23
91,22|91,21|91,20|90,20|90,21|122,26|92,21|92,22|92,23|92,20
91,22|91,21|91,20|90,20|90,21|122,26|92,21|92,22|94,20|93,23
91,22|91,21|91,20|90,20|90,21|122,26|92,21|92,22|92,23|92,20
91,22|91,21|91,20|90,20|90,21|122,26|92,21|92,22|93,19|93,23
91,22|91,21|91,20|90,20|90,21|122,26|92,21|92,22|92,23|93,19
91,22|91,21|91,20|90,20|90,21|122,26|92,21|92,22|94,20|92,23
91,22|91,21|91,20|90,20|90,21|122,26|92,21|92,22|93,19|93,23
108,7|107,5|108,5|108,4|108,3|107,4|108,6|107,6|108,8|109,6
91,22|91,21|91,20|90,20|90,21|122,26|92,21|92,22|92,23|93,20
108,7|107,5|108,5|108,4|108,3|107,4|108,6|107,6|108,8|110,8
91,22|91,21|91,20|90,20|90,21|122,26|92,21|92,22|92,23|93,20
91,22|91,21|91,20|90,20|90,21|93,23|122,26|92,21|92,22|94,21
91,22|91,21|91,20|90,20|90,21|122,26|92,21|92,22|94,20|93,23
36,6|39,6|39,5|40,5|40,4|35,5|35,6|35,7|39,4|41,5|36,4|41,6
91,22|91,21|91,20|90,20|90,21|122,26|92,21|92,22|92,23|93,20
91,22|91,21|91,20|90,20|90,21|122,26|92,21|92,22|92,23|92,20
91,22|91,21|91,20|90,20|90,21|122,26|92,21|92,22|92,23|93,21
91,22|91,21|91,20|90,20|90,21|122,26|92,21|92,22|92,23|92,20
91,22|91,21|91,20|90,20|90,21|122,26|92,21|92,22|92,23|93,20
91,22|91,21|91,20|90,20|90,21|122,26|92,21|92,22|92,23|94,20
91,22|91,21|91,20|90,20|90,21|122,26|92,21|92,22|92,23|93,20
91,22|91,21|91,20|90,20|90,21|122,26|92,21|92,22|93,21|93,23
36,6|39,6|39,5|40,5|40,4|35,5|35,6|35,7|39,4|40,6|41,5|36,4
91,22|91,21|91,20|90,20|90,21|122,26|92,21|92,22|92,20|93,23
91,22|91,21|91,20|90,20|90,21|122,26|92,21|92,22|92,23|93,21
107,5|108,5|108,4|108,3|107,4|108,6|107,6|108,7|108,8|109,6
91,22|91,21|91,20|90,20|90,21|122,26|92,21|92,22|92,20|93,23
91,22|91,21|91,20|90,20|90,21|122,26|92,21|92,22|93,19|93,23
36,6|39,6|39,5|40,5|40,4|35,5|35,6|35,7|39,4|40,6|41,5|37,4
91,22|91,21|91,20|90,21|122,26|92,21|92,22|93,19|90,20|92,23
91,22|91,21|91,20|90,20|90,21|122,26|92,21|92,22|93,21|93,23