86,9|87,9|87,10|88,9|95,15|87,7|87,8|85,8
86,9|87,9|87,10|88,9|95,15|87,7|87,8|85,8
86,9|87,9|87,10|88,9|95,15|87,8|85,8|119,15
87,9|157,6|87,7|156,6|88,10|88,9|87,10|91,7|108,6
86,9|87,9|87,10|88,9|95,15|87,7|87,8|85,8
86,9|87,9|87,10|88,9|95,15|87,7|87,8|85,8
164,4|84,9|150,17|98,27|99,27|98,26|18,17|19,8|100,27
164,4|84,9|150,17|98,27|99,27|98,26|126,41|129,3|92,21
87,9|157,6|87,7|156,6|88,10|88,9|87,10|164,4|98,19
86,9|87,9|87,10|95,15|87,7|87,8|85,8|164,5
164,4|84,9|150,17|98,27|99,27|52,7|90,8|123,3|94,21
87,9|87,7|156,6|88,10|88,9|87,10|16,17|96,23|122,14
93,6|107,5|109,1|94,6|108,5|77,15|108,6|117,11|68,57|131,29|68,56
17,19|150,17|130,29|69,55|17,17|24,9|157,9|68,55|14,14|24,11|142,25|30,47
107,4|100,13|39,6|21,8|108,8|128,1|42,38|146,23|168,6|42,39
87,9|157,6|87,7|156,6|88,10|88,9|87,10|91,7|108,6
87,9|87,7|88,10|88,9|87,10|164,4|69,55|16,0|119,17
93,6|107,5|94,6|108,5|77,15|108,6|117,11|68,57|131,29|68,56|102,20
86,9|87,9|87,10|98,18|95,21|93,19|94,21|85,10
86,9|87,9|87,10|88,9|95,15|87,7|87,8|85,8
86,9|87,9|87,10|95,15|87,7|87,8|85,8|164,5
86,9|87,10|86,10|85,12|19,15|83,10|121,13|97,15
102,20|150,17|130,29|69,55|16,17|68,55|19,8|68,54|107,5|77,12|16,16|30,46
86,9|87,9|87,10|98,18|95,21|93,19|94,21|85,10
164,4|84,9|150,17|98,27|99,27|98,26|19,8|100,27|126,43
164,4|66,60|96,15|18,17|166,6|85,9|24,9|84,10|168,6
93,6|107,5|94,6|108,5|77,15|108,6|117,11|68,57|131,29|68,56|102,20
164,4|97,15|84,9|98,27|16,17|122,17|107,5|84,7|167,6
164,4|97,15|84,9|98,27|16,17|122,17|107,5|84,7|167,6
93,6|108,5|77,15|108,6|117,11|68,57|131,29|68,56|102,20|22,9|119,13
164,4|97,15|84,9|98,27|16,17|122,17|107,5|84,7|167,6
87,9|157,6|87,7|88,10|88,9|87,10|164,4|24,11|144,33
87,10|21,19|22,19|86,10|121,16|121,13|95,16|86,11
86,9|87,9|87,10|95,15|85,8|164,5|94,16|86,10
86,9|87,9|87,10|88,9|95,15|87,7|87,8|85,8
164,4|84,9|150,17|98,27|99,27|98,26|18,17|19,8|100,27
164,4|66,60|96,15|18,17|166,6|85,9|84,10|85,12|63,56
164,4|97,15|84,9|98,27|16,17|122,17|107,5|84,7|167,6
164,4|66,60|96,15|120,16|118,14|68,57|166,6|121,13|121,12
93,6|107,5|94,6|108,5|77,15|108,6|117,11|68,57|131,29|68,56|102,20
168,6|68,55|68,57|91,20|15,15|100,19|67,55|108,7|68,56|100,14|86,10
86,9|87,9|88,9|95,15|87,7|87,8|85,8|88,8
87,9|157,6|87,7|156,6|88,10|88,9|87,10|91,7|108,6
87,10|21,19|22,19|86,10|121,13|95,16|86,11|2,41
150,17|130,29|69,55|16,17|68,55|19,8|68,54|107,5|39,39|107,4|18,54|90,14
77,15|130,29|69,55|35,41|44,0|37,41|131,29|39,6|92,21|18,8|77,17|127,4
93,6|107,5|109,1|94,6|108,5|77,15|108,6|117,11|68,57|131,29|68,56
164,4|97,15|84,9|98,27|16,17|122,17|107,5|84,7|167,6
168,6|68,55|68,57|91,20|67,55|127,6|108,7|68,56|111,21|118,11|128,0
66,60|96,15|18,17|118,14|89,10|68,57|166,6|97,15|167,6
164,4|66,60|96,15|120,16|18,17|118,14|166,6|121,13|18,18
164,4|66,60|96,15|18,17|118,14|68,57|166,6|121,13|167,1
164,4|84,9|150,17|98,27|99,27|98,26|92,21|19,8|92,20
77,15|130,29|69,55|35,41|37,41|131,29|39,6|92,21|18,8|77,17|102,17|41,6
86,9|87,9|87,10|88,9|87,7|87,8|85,8|166,1
77,15|130,29|69,55|35,41|44,0|37,41|131,29|39,6|92,21|18,8|77,17|127,4
164,4|84,9|150,17|98,27|99,27|98,26|129,3|92,21|141,15
68,55|107,5|109,1|108,5|38,41|108,6|89,9|37,41|85,27|22,9|99,15
86,9|87,9|87,10|88,9|95,15|87,7|87,8|94,21
68,55|68,57|68,56|143,25|67,57|87,10|161,5|28,50|67,55|122,14|0,37
93,6|107,5|108,5|77,15|108,6|117,11|68,57|131,29|68,56|143,32|157,3
164,4|97,15|84,9|98,27|16,17|122,17|107,5|84,7|167,6
86,9|87,10|86,10|85,12|19,15|83,10|121,13|97,15
86,9|87,9|87,10|95,15|87,7|87,8|85,8|164,5
164,4|66,60|96,15|18,17|166,6|85,9|84,10|85,12|63,56
86,9|87,9|87,10|88,9|95,15|87,8|167,4|122,13
168,6|68,55|35,5|21,9|156,6|96,23|67,55|87,10|107,5|121,13|24,9
150,17|130,29|69,55|16,17|68,55|19,8|68,54|39,9|107,5|141,28|25,15|90,23
68,57|68,56|143,25|67,57|87,10|161,5|28,50|67,55|122,14|0,37|38,4
102,20|150,17|130,29|69,55|16,17|68,55|19,8|68,54|107,5|18,22|16,16|117,11
87,9|88,9|88,10|98,27|99,27|97,27|62,5|86,9
86,9|87,10|21,19|86,10|121,13|95,16|120,15|139,25
86,9|87,9|87,10|95,15|87,7|87,8|85,8|164,5
102,20|150,17|130,29|69,55|16,17|68,55|19,8|107,5|107,4|18,54|48,59|6,7
89,0|42,38|130,2|42,37|107,6|18,8|43,38|99,27|67,57|130,28
86,9|87,10|21,19|86,10|121,13|95,16|120,15|139,25
86,9|87,9|87,10|88,9|87,7|87,8|85,8|166,1
168,6|118,10|68,55|68,57|91,20|15,15|68,56|164,5|67,55|142,29|68,59
86,9|87,9|87,10|88,9|87,7|87,8|85,8|166,1
168,6|68,55|68,57|91,20|15,15|100,19|67,55|68,56|86,10|61,57|83,10
86,9|87,9|88,9|95,15|87,7|87,8|85,8|88,8
164,4|66,60|96,15|166,6|85,9|84,10|85,12|63,56|21,19
150,17|130,29|69,55|16,17|19,8|68,54|107,5|39,39|107,4|18,54|90,14|68,56
93,6|68,55|107,5|109,1|94,6|108,5|108,6|68,56|107,6|67,55|109,3
93,6|108,5|77,15|108,6|117,11|68,57|131,29|68,56|102,20|22,9|119,13
93,6|68,55|107,5|109,1|94,6|108,5|77,15|108,6|68,56|108,4|17,16
87,9|87,7|88,10|87,10|16,17|96,23|86,10|119,15|157,9
150,17|130,29|69,55|16,17|19,8|68,54|107,5|39,39|107,4|18,54|90,14|68,56
93,6|107,5|94,6|108,5|77,15|108,6|117,11|68,57|131,29|68,56|102,20
87,9|157,6|87,7|156,6|88,10|88,9|87,10|164,4|144,30
68,57|68,56|143,25|67,57|87,10|161,5|67,55|122,14|0,37|38,4|35,5
87,10|21,19|22,19|86,10|121,16|121,13|95,16|86,11
168,6|68,55|68,57|100,19|67,55|68,56|67,56|116,11|98,27|98,29|166,9
77,15|130,29|69,55|35,41|44,0|37,41|131,29|39,6|92,21|134,30|68,56|91,29
86,9|87,9|87,10|88,9|95,15|87,7|87,8|97,18
164,4|97,15|84,9|98,27|16,17|122,17|107,5|84,7|167,6
68,55|107,5|109,1|108,5|108,6|89,9|37,41|85,27|22,9|99,15|14,14
84,9|150,17|98,27|99,27|98,26|92,21|19,8|100,28|127,6
68,55|107,5|108,5|77,15|108,6|68,57|94,13|109,6|68,59|121,13|168,6
86,9|87,10|86,10|85,12|19,15|83,10|121,13|97,15
93,6|107,5|94,6|108,5|77,15|108,6|117,11|68,57|131,29|68,56|102,20
168,6|68,55|68,57|91,20|67,55|68,56|67,56|79,13|85,9|122,12|96,20
164,4|150,17|98,27|99,27|98,26|19,8|100,27|127,0|98,28
86,9|87,9|87,10|88,9|95,15|87,7|87,8|85,8
168,6|68,55|68,57|91,20|100,19|67,55|68,56|67,56|116,11|98,27|91,7
164,4|97,15|84,9|98,27|16,17|122,17|84,7|167,6|156,6
102,20|150,17|130,29|69,55|16,17|68,55|19,8|68,54|107,5|16,16|117,11|9,29
168,6|68,57|91,20|91,21|90,21|90,20|25,8|28,33|159,39|91,22|68,56
77,15|130,29|69,55|35,41|44,0|37,41|131,29|39,6|92,21|18,8|77,17|23,19
86,9|87,10|21,19|86,10|121,13|95,16|120,15|139,25
168,6|68,55|68,57|91,20|67,55|68,56|118,11|92,19|16,16|118,12|93,22
93,6|108,5|77,15|108,6|117,11|68,57|131,29|68,56|102,20|22,9|119,13
87,9|157,6|87,7|156,6|88,10|88,9|87,10|164,3|88,8
77,15|69,55|35,41|44,0|37,41|131,29|39,6|92,21|134,30|68,56|91,29|117,11
77,15|130,29|69,55|21,9|128,4|68,56|101,15|16,17|89,11|17,18|29,48|136,20
86,9|87,9|87,10|95,15|87,7|87,8|85,8|164,5
93,6|68,55|107,5|94,6|77,15|108,6|68,56|107,6|67,55|87,10|111,24
164,4|97,15|84,9|98,27|16,17|122,17|107,5|84,7|167,6
86,9|87,10|86,10|137,25|85,12|83,10|121,13|86,11
150,17|130,29|69,55|16,17|68,55|19,8|68,54|39,9|107,5|141,28|25,15|90,23
86,9|87,10|86,10|85,12|19,15|83,10|121,13|97,15
93,6|68,55|107,5|108,5|77,15|108,6|117,11|68,57|85,8|16,17|89,10
164,4|84,9|98,27|99,27|98,26|18,17|19,8|100,27|91,10
93,6|68,55|107,5|94,6|108,5|77,15|108,6|68,56|108,4|107,6|89,25
87,10|21,19|22,19|86,10|121,16|121,13|95,16|86,11
68,55|107,5|108,5|77,15|108,6|117,11|68,57|68,59|121,13|97,7|107,6
102,20|150,17|130,29|69,55|16,17|68,55|19,8|107,5|107,4|18,54|48,59|6,7
118,10|68,55|68,57|35,5|68,56|143,25|67,57|87,10|40,5|85,8|140,29
102,20|150,17|130,29|69,55|16,17|68,55|19,8|107,5|107,4|18,54|48,59|6,7
68,55|68,57|68,56|143,25|67,57|87,10|161,5|67,55|122,14|0,37|136,25
164,4|150,17|98,27|99,27|98,26|100,27|127,0|98,28|19,18
93,6|68,55|107,5|94,6|108,5|108,6|68,56|108,4|107,6|89,25|3,42
87,9|87,10|95,15|85,8|164,5|94,16|86,10|94,21
168,6|68,55|35,5|21,9|156,6|96,23|67,55|87,10|121,13|24,9|22,9
168,6|68,57|91,20|91,21|90,21|90,20|25,8|159,39|91,22|68,56|19,21
168,6|68,55|68,57|91,20|67,55|68,56|118,11|92,19|16,16|118,12|93,22
93,6|68,55|107,5|109,1|108,5|77,15|108,6|68,56|107,6|163,4|15,15
86,9|87,9|87,10|88,9|95,15|87,7|87,8|97,18
164,4|97,15|84,9|98,27|16,17|122,17|84,7|167,6|65,60
86,9|87,10|86,10|85,12|19,15|83,10|121,13|97,17
68,55|107,5|109,1|108,5|38,41|108,6|89,9|37,41|85,27|22,9|99,15
164,4|84,9|150,17|98,27|99,27|98,26|92,21|19,8|92,20
164,4|84,9|150,17|98,27|99,27|98,26|129,3|92,21|141,15
87,9|88,10|88,9|87,10|16,17|96,23|122,14|66,54|88,8
150,17|130,29|69,55|16,17|19,8|68,54|39,39|107,4|18,54|90,14|68,56|68,55
93,6|68,55|107,5|108,5|108,6|117,11|68,57|85,8|16,17|89,10|39,9
93,6|68,55|107,5|94,6|108,5|77,15|108,6|68,56|107,6|67,55|167,8
86,9|87,10|86,10|85,12|19,15|83,10|121,13|97,15
87,9|157,6|156,6|88,9|87,10|91,7|108,6|94,21|89,9
86,9|39,5|96,16|82,10|122,14|22,15|84,13|23,19
68,55|107,5|109,1|108,5|38,41|89,9|37,41|85,27|22,9|99,15|18,17
77,15|130,29|69,55|35,41|44,0|37,41|39,6|92,21|134,30|68,56|91,29|91,20
77,15|130,29|69,55|35,41|44,0|37,41|131,29|39,6|92,21|134,30|68,56|91,29
93,6|68,55|107,5|94,6|108,5|108,6|68,56|107,6|67,55|167,8|68,60
68,55|107,5|108,5|77,15|108,6|68,57|109,6|68,59|121,13|97,7|141,29
87,9|87,7|156,6|88,10|88,9|87,10|16,17|96,23|122,14
168,6|68,55|35,5|21,9|156,6|96,23|67,55|87,10|121,13|24,9|22,9
86,9|87,9|87,10|88,9|95,15|87,7|87,8|85,8
68,55|107,5|108,5|77,15|108,6|117,11|68,57|68,59|121,13|99,30|97,8
93,6|68,55|107,5|108,5|108,6|68,56|107,6|67,55|94,9|97,23|2,35
168,6|68,55|35,5|21,9|156,6|96,23|67,55|87,10|121,13|24,9|22,9
93,6|68,55|107,5|108,5|77,15|108,6|68,56|107,6|67,55|161,4|162,4
87,9|87,7|88,10|88,9|87,10|164,4|69,55|16,0|119,17
77,15|130,29|69,55|35,41|37,41|131,29|39,6|92,21|77,17|102,17|41,6|11,7
164,4|84,9|98,27|99,27|92,21|19,8|85,10|127,4|124,21
86,9|87,9|87,10|88,9|95,15|87,7|87,8|85,8
168,6|68,55|21,9|156,6|96,23|67,55|87,10|107,5|121,13|24,9|61,36
77,15|130,29|69,55|35,41|44,0|37,41|131,29|39,6|92,21|18,8|77,17|127,4
87,10|21,19|22,19|86,10|86,11|2,41|84,10|84,9
168,6|68,55|68,57|100,19|67,55|68,56|67,56|116,11|98,27|98,29|166,9
87,9|157,6|156,6|88,9|87,10|91,7|108,6|94,21|89,9
86,9|87,9|87,10|95,15|87,8|85,8|164,5|99,15
93,6|68,55|107,5|109,1|108,5|77,15|68,56|107,6|67,55|163,4|80,7
164,4|84,9|150,17|98,27|99,27|98,26|129,3|92,21|141,15
87,9|87,7|88,10|87,10|16,17|96,23|86,10|119,15|157,9
86,9|87,9|87,10|88,9|95,15|87,7|87,8|85,8
164,4|66,60|96,15|118,14|68,57|166,6|121,13|167,1|24,18
87,9|88,10|88,9|87,10|16,17|96,23|122,14|66,54|88,8
87,9|157,6|156,6|88,9|87,10|91,7|108,6|94,21|89,9
150,17|130,29|69,55|16,17|19,8|68,54|107,5|107,4|18,54|68,56|39,8|108,4
93,6|68,55|107,5|94,6|77,15|108,6|68,56|107,6|67,55|87,10|118,19
96,20|19,16|65,56|94,20|23,15|19,18|93,17|95,20
168,6|68,55|68,57|91,20|67,55|127,6|68,56|67,56|98,27|130,31|151,20
168,6|118,10|68,55|68,57|91,20|67,55|14,16|91,21|90,21|90,20|12,0
164,4|84,9|98,27|99,27|92,21|19,8|85,10|127,4|124,21
86,9|87,9|87,10|95,15|87,7|87,8|85,8|164,5
87,9|87,7|156,6|88,10|88,9|87,10|16,17|96,23|122,14
87,9|87,7|156,6|88,10|88,9|87,10|16,17|96,23|122,14
68,55|109,1|108,5|108,6|89,9|37,41|85,27|22,9|99,15|14,14|24,9
93,6|68,55|107,5|108,5|77,15|108,6|68,56|107,6|67,55|65,56|83,7
86,9|87,9|87,10|98,18|95,21|93,19|94,21|85,10
87,10|21,19|22,19|86,10|121,16|121,13|95,16|86,11
77,15|130,29|69,55|35,41|37,41|131,29|39,6|92,21|18,8|77,17|102,17|41,6
87,9|87,7|88,10|88,9|87,10|16,17|96,23|122,14|67,57
168,6|68,55|35,5|21,9|156,6|96,23|67,55|87,10|107,5|121,13|24,9
87,9|157,6|87,7|156,6|88,10|88,9|87,10|86,6|121,13
150,17|130,29|69,55|16,17|68,54|107,5|39,39|107,4|90,14|68,56|76,57|67,55
164,4|97,15|84,9|98,27|16,17|122,17|107,5|84,7|167,6
86,9|87,10|86,10|85,12|19,15|83,10|121,13|97,17
164,4|84,9|150,17|98,27|99,27|98,26|92,21|19,8|92,20
164,4|66,60|120,16|18,17|118,14|166,6|121,13|18,18|84,9
86,9|87,9|87,10|95,15|87,7|87,8|85,8|164,5
168,6|68,55|68,57|91,20|100,19|67,55|68,56|100,14|86,10|130,16|118,12
164,4|66,60|96,15|166,6|85,9|84,10|85,12|21,19|39,7
87,9|87,7|88,10|87,10|16,17|96,23|86,10|119,15|29,45
118,10|68,55|68,57|35,5|68,56|92,12|67,57|93,12|87,10|141,32|142,29
87,9|87,7|88,10|87,10|16,17|86,10|119,15|65,61|118,14
86,9|87,9|87,10|88,9|95,15|87,7|87,8|97,18
107,4|21,8|108,8|42,38|168,6|42,39|108,3|77,18|92,21|86,10
86,9|86,10|85,12|19,15|83,10|121,13|97,15|164,4
93,6|68,55|107,5|94,6|108,5|77,15|108,6|68,56|67,55|167,8|98,19
77,15|69,55|44,0|131,29|39,6|92,21|134,30|68,56|91,29|117,11|13,14|23,11
168,6|68,55|68,57|67,55|68,56|67,56|136,30|79,13|98,12|85,9|134,30
168,6|68,55|21,9|156,6|96,23|67,55|87,10|121,13|24,9|22,9|24,8
84,9|150,17|98,27|99,27|98,26|92,21|19,8|100,28|127,6
164,4|84,9|98,27|99,27|98,26|18,17|19,8|130,29|93,19
86,9|87,10|86,10|85,12|19,15|83,10|121,13|97,17
168,6|118,10|68,55|68,57|91,20|67,55|14,16|91,21|90,21|90,20|117,11
164,4|84,9|150,17|98,27|99,27|98,26|18,17|19,8|100,27
87,9|87,7|88,10|87,10|16,17|96,23|86,10|119,15|157,9
168,6|68,55|68,57|91,20|67,55|68,56|67,56|136,30|79,13|98,12|121,13
87,10|86,10|85,12|19,15|121,13|37,4|93,19|95,16
168,6|68,55|68,57|67,55|68,56|67,56|85,9|122,12|96,20|11,4|70,55
89,0|42,38|130,2|42,37|107,6|18,8|43,38|99,27|67,57|130,28
168,6|68,55|68,57|100,19|67,55|68,56|67,56|98,27|98,29|166,9|115,13
87,9|157,6|87,7|156,6|88,10|88,9|87,10|164,3|88,8
168,6|68,55|68,57|91,20|100,19|67,55|68,56|100,14|86,10|130,16|118,12
86,9|87,9|87,10|88,9|95,15|87,7|87,8|85,8
93,6|68,55|107,5|109,1|108,5|108,6|68,56|107,6|67,55|163,4|18,18
168,6|68,57|91,20|91,21|90,21|90,20|25,8|91,22|68,56|19,21|23,19
87,10|21,19|22,19|86,10|86,11|2,41|84,10|84,9
87,9|87,7|88,10|87,10|16,17|86,10|119,15|118,14|21,7
87,10|86,10|137,25|85,12|19,15|121,13|137,26|65,56
164,4|66,60|96,15|120,16|18,17|166,6|85,9|86,9|28,45
86,9|87,9|87,10|95,15|85,8|164,5|86,10|142,29
164,4|84,9|150,17|98,27|99,27|98,26|18,17|19,8|100,27
68,55|107,5|108,5|77,15|108,6|117,11|68,57|68,59|121,13|99,30|97,8
164,4|150,17|98,27|99,27|98,26|19,8|100,27|127,0|98,28
164,4|84,9|150,17|98,27|99,27|98,26|129,3|92,21|141,15
42,38|42,37|107,6|18,8|43,38|99,27|67,57|130,28|78,11|146,33
77,15|69,55|44,0|131,29|39,6|92,21|134,30|68,56|117,11|13,14|23,11|8,0
93,6|107,5|94,6|108,5|77,15|108,6|117,11|68,57|131,29|68,56|102,20
93,6|68,55|107,5|94,6|108,5|108,6|68,56|107,6|67,55|109,3|34,1
164,4|66,60|120,16|18,17|166,6|85,9|24,9|86,9|85,8
68,55|107,5|108,5|77,15|108,6|68,57|121,13|97,7|141,29|69,56|92,22
168,6|68,55|68,57|91,20|67,55|127,6|68,56|67,56|98,27|130,31|151,20
164,6|163,7|163,6|162,6|163,5
164,6|163,7|163,6|162,6|163,5
164,6|163,7|163,6|162,6|163,5
162,6|164,6|163,5|163,6|163,7
88,10|89,11|90,11|89,12|88,12|89,10|88,11|87,10|88,9
89,9|89,10|89,11|90,11|89,12|88,12|88,11|88,10|90,10
87,10|88,9|89,11|90,11|89,12|88,12|88,11|88,10|89,10
164,6|163,7|163,6|162,6|163,5
164,6|163,7|163,6|162,6|163,5
164,6|163,7|163,6|162,6|163,5
87,10|89,11|90,11|89,12|88,12|89,10|88,11|88,10|88,9
87,10|88,10|88,9|89,10|89,11|90,11|89,12|88,12|88,11
162,6|164,6|163,6|163,5|163,7
164,6|164,5|167,4|163,5|164,4
87,10|89,10|89,11|90,11|89,12|88,12|88,11|88,10|88,9
87,10|89,10|89,11|90,11|89,12|88,12|88,9|88,10|88,11
87,10|88,10|88,9|89,10|89,11|90,11|89,12|88,12|88,11
164,6|163,7|163,6|162,6|163,5
164,6|164,5|163,5|164,4|167,4
89,11|90,11|89,12|88,12|89,10|87,11|88,11|88,10|87,10
87,10|89,10|89,11|90,11|89,12|88,12|88,9|88,10|88,11
65,56|64,56|63,56|66,56|68,55|67,57|68,57|68,56|64,55|67,56|67,55|62,57|66,55
96,15|94,16|93,16|93,17|95,16|95,15|96,16
87,10|88,10|89,10|89,11|90,11|89,12|88,12|88,9|88,11
128,4|127,4|127,3|128,6|128,3|128,5|127,6|127,5|126,5
164,6|164,5|164,4|167,4|163,4
88,10|88,9|89,10|89,11|90,11|89,12|88,12|88,11|87,10
87,10|88,10|89,10|89,11|90,11|89,12|88,12|88,11|88,9
87,10|89,10|89,11|90,11|89,12|88,12|88,11|88,10|88,9
87,10|88,10|89,11|90,11|89,12|88,12|88,11|87,11|89,10
87,10|88,10|89,10|89,11|90,11|89,12|88,12|88,11|87,11
164,6|164,5|164,4|167,4|163,5
164,6|164,5|163,5|167,4|164,4
88,10|89,9|89,10|89,11|90,11|89,12|88,12|88,11|90,10
162,6|164,6|163,5|163,6|163,7
87,10|88,10|89,10|89,11|90,11|89,12|88,12|88,11|88,9
87,10|89,10|89,11|90,11|89,12|88,12|88,11|88,10|88,9
88,10|89,11|90,11|89,12|88,12|89,10|88,11|88,9|87,10
132,30|133,30|134,30|134,31|133,31|133,32|132,31|132,29|133,29
132,30|133,30|134,30|134,31|133,31|133,32|132,31|132,29|133,29
162,6|164,6|163,6|163,5|163,7
164,5|164,4|167,4|163,4|163,5
128,4|127,4|128,6|128,3|128,5|127,6|127,5|126,5|127,3
164,6|164,5|164,4|167,4|163,4
87,10|88,10|89,10|89,11|90,11|89,12|88,12|88,11|88,9
88,10|89,10|89,11|90,11|89,12|88,12|88,11|88,9|87,10
94,16|93,16|93,17|96,16|95,16|95,15|94,15
129,1|130,2|128,3|128,4|130,1|129,4|129,3|129,2|128,1|128,2
87,10|89,10|89,11|90,11|89,12|88,12|88,9|88,10|88,11
87,10|88,10|88,9|89,10|89,11|90,11|89,12|88,12|88,11
89,11|90,11|89,12|88,12|89,10|88,11|88,10|86,10|87,10
128,4|127,4|128,6|128,3|128,5|127,6|127,5|126,5|127,3
132,30|133,30|134,30|134,31|133,31|132,31|132,29|133,29|133,32
88,10|89,9|89,10|89,11|90,11|89,12|88,11|90,10|90,12
84,9|85,10|83,9|85,9|84,10|83,10|85,8|84,8
164,6|164,5|164,4|167,4|163,4
164,6|164,5|164,4|167,4|163,5
164,6|164,5|164,4|167,4|163,4
84,9|85,10|85,9|85,8|86,10|86,9|84,10|84,8
128,4|127,4|127,3|128,6|128,3|128,5|127,5|127,6|126,5
96,15|94,16|93,16|93,17|95,16|96,16|97,16
89,11|90,11|89,12|88,12|89,10|88,11|88,10|87,11|87,10
164,4|164,5|164,6|163,4|163,5
128,4|127,4|128,6|128,3|128,5|127,6|127,5|126,5|127,3
87,10|88,10|89,10|89,11|90,11|89,12|88,12|88,11|88,9
164,6|164,5|164,4|167,4|163,4
87,10|88,10|89,10|89,11|90,11|89,12|88,12|88,11|87,11
129,2|129,3|128,3|128,11|128,4|129,4|128,2|129,1|127,2|128,1
84,9|84,10|85,10|83,10|83,9|85,9|85,8|84,8
88,10|89,10|89,11|90,11|89,12|88,12|88,11|87,10|88,9
87,10|88,10|89,11|90,11|89,12|88,12|88,11|87,11|89,10
88,10|89,10|89,11|90,11|89,12|88,12|88,11|87,11|87,10
95,15|94,15|95,16|94,16|93,16|93,17|96,16
89,11|90,11|89,12|88,12|89,10|88,11|88,10|86,10|87,10
164,6|164,5|164,4|167,4|163,5
164,4|164,5|164,6|163,4|163,5
164,4|164,5|164,6|163,4|163,5
89,11|90,11|89,12|88,12|89,10|87,11|88,11|88,10|87,10
89,11|90,11|89,12|88,12|89,10|87,11|88,11|88,10|87,10
164,6|164,5|164,4|167,4|163,5
87,10|88,10|89,10|89,11|90,11|89,12|88,12|88,11|88,9
164,6|164,5|167,4|164,4|163,4
164,6|164,5|164,4|167,4|163,5
65,56|64,56|63,56|66,56|68,55|67,57|68,57|68,56|64,55|67,56|67,55|66,55|62,57
89,11|90,11|89,12|88,12|89,10|88,11|88,10|86,10|87,10
128,11|128,4|129,4|127,4|128,3|128,2|128,1|129,3|129,2|127,2
65,56|64,56|66,56|68,55|67,57|68,57|68,56|64,55|67,56|67,55|62,57|66,55|63,56
128,4|127,4|127,3|128,6|128,3|128,5|127,6|127,5|126,5
88,10|89,10|89,11|90,11|89,12|88,12|88,11|86,10|87,10
88,10|89,10|89,11|90,11|89,12|88,12|88,11|86,10|87,10
164,6|164,5|164,4|167,4|163,5
95,15|94,15|95,16|94,16|93,16|96,16|96,15
95,15|94,15|95,16|94,16|93,16|96,15|96,16
94,16|93,16|93,17|95,16|96,16|97,16|95,15
164,6|164,5|164,4|167,4|163,4
164,6|164,5|167,4|164,4|163,5
164,6|164,5|167,4|164,4|163,4
164,6|164,5|164,4|167,4|163,5
128,11|128,4|129,4|127,4|128,3|128,2|128,1|129,3|129,2|127,2
164,6|164,5|167,4|164,4|163,4
88,10|89,10|89,11|90,11|89,12|88,12|88,11|87,11|87,10
89,11|90,11|89,12|88,12|89,10|88,11|88,10|86,10|87,10
88,10|89,10|89,11|90,11|89,12|88,12|88,11|87,10|87,11
84,9|84,10|85,10|83,10|83,9|85,9|82,10|86,10
89,11|90,11|89,12|88,12|89,10|88,11|88,10|86,10|87,10
89,11|90,11|89,12|88,12|89,10|86,10|87,10|88,10|88,11
89,11|90,11|89,12|88,12|89,10|88,11|88,10|86,10|87,10
128,11|128,4|129,4|127,4|128,3|128,1|129,3|129,2|128,2|127,2
128,11|128,4|129,4|128,3|128,2|128,1|129,3|129,2|127,2|127,4
128,11|128,4|129,4|127,4|128,3|128,1|129,3|129,2|128,2|127,2
87,10|88,10|89,10|89,11|90,11|89,12|88,12|88,9|88,11
164,6|164,5|164,4|167,4|163,4
65,56|64,56|63,56|66,56|68,55|67,57|68,57|68,56|64,55|67,56|67,55|66,55|62,57
129,1|128,3|128,2|128,4|129,4|129,3|129,2|130,2|128,1|130,1
89,11|90,11|89,12|88,12|89,10|88,11|86,10|88,10|87,10
89,11|90,11|89,12|88,12|89,10|88,11|88,10|86,10|87,10
89,11|90,11|89,12|88,12|89,10|88,11|86,10|88,10|87,10
94,16|93,16|93,17|95,16|96,16|97,16|95,15
87,10|88,10|88,9|89,10|89,11|90,11|89,12|88,12|88,11
89,11|90,11|89,12|88,12|89,10|88,11|88,10|86,10|87,10
89,11|90,11|89,12|88,12|89,10|88,11|86,10|88,10|87,10
164,6|164,5|164,4|167,4|163,5
88,10|89,9|89,10|89,11|90,11|89,12|88,12|88,11|90,10
89,11|90,11|89,12|88,12|89,10|87,11|88,11|88,10|87,10
89,11|90,12|89,12|88,10|87,10|85,10|86,10|86,9|90,11
128,4|127,4|128,6|128,3|128,5|127,5|127,6|129,4|127,7
164,6|164,5|164,4|167,4|163,4
164,6|164,5|167,4|164,4|163,4
88,10|89,9|89,10|89,11|90,11|89,12|88,12|88,11|90,10
129,1|128,3|128,2|128,4|127,2|129,4|129,3|129,2|128,1|127,4
89,11|90,11|89,12|88,12|89,10|88,10|86,10|87,10|88,11
87,10|88,10|88,9|89,11|90,11|89,12|88,12|89,10|88,11
88,10|89,10|89,11|90,11|89,12|88,12|88,11|86,10|87,10
65,56|64,56|63,56|66,56|68,55|67,57|68,57|68,56|64,55|67,56|67,55|66,55|62,57
89,11|90,11|89,12|88,12|89,10|88,11|88,10|86,10|87,10
164,6|164,5|164,4|167,4|163,5
164,4|164,5|164,6|163,4|163,5
128,4|127,4|128,3|128,5|127,6|127,5|127,3|126,6|126,5
128,4|127,4|128,3|128,5|127,5|127,6|129,4|127,7|126,6
164,6|164,5|167,4|164,4|163,5
65,56|64,56|63,56|66,56|68,55|67,57|68,57|68,56|64,55|67,56|67,55|66,55|62,57
89,11|90,12|89,12|88,10|87,10|85,10|86,10|90,11|88,11
89,11|90,11|89,12|88,12|89,10|88,11|88,10|87,10|86,10
164,6|164,5|164,4|167,4|163,4
128,4|127,4|127,3|128,6|128,3|128,5|127,6|127,5|126,5
88,10|89,10|89,11|90,11|89,12|88,12|88,11|86,10|87,10
64,4|64,5|63,5|64,3|63,3|63,4|62,4
164,4|164,5|164,6|163,4|163,5
89,11|90,11|89,12|88,12|89,10|87,11|88,11|88,10|87,10
128,4|127,4|127,3|128,3|128,5|127,6|127,5|127,7|128,6
164,6|164,5|164,4|167,4|163,4
91,8|90,8|91,9|89,9|91,7|90,9|89,8|90,10
164,6|164,5|167,4|164,4|163,5
89,11|90,11|89,12|88,12|89,10|88,11|88,10|86,10|87,10
89,11|90,11|89,12|88,12|89,10|88,11|88,10|87,10|86,10
65,56|64,56|63,56|66,56|68,55|67,57|68,57|68,56|64,55|67,56|67,55|66,55|62,57
89,10|89,11|90,11|89,12|88,12|87,11|88,10|88,11|87,10
87,10|88,10|89,11|90,11|89,12|88,12|88,11|87,11|89,10
89,11|90,11|89,12|88,12|89,10|86,10|87,10|88,10|88,11
88,10|89,10|89,11|90,11|89,12|88,12|88,11|87,11|87,10
164,6|164,5|164,4|167,4|164,3
89,11|90,11|89,12|88,12|89,10|88,10|86,10|87,10|88,11
88,10|89,10|89,11|90,11|89,12|88,12|88,11|86,10|87,10
89,11|90,11|89,12|88,12|89,10|88,11|88,10|87,11|87,10
88,10|89,10|89,11|90,11|89,12|88,12|88,11|87,11|87,10
164,6|164,5|164,4|167,4|163,5
89,11|90,11|89,12|88,12|89,10|88,11|88,10|86,10|87,10
88,10|89,10|89,11|90,11|89,12|88,12|88,11|86,10|87,10
164,6|164,5|164,4|167,4|163,5
164,6|164,5|167,4|164,4|163,4
88,10|88,9|89,11|90,11|89,12|88,12|89,10|87,10|88,11
89,11|90,11|89,12|88,12|89,10|87,11|88,11|88,10|87,10
88,10|89,10|89,11|90,11|89,12|88,12|88,11|86,10|87,10
164,6|164,5|164,4|167,4|163,5
87,10|88,10|88,9|89,10|89,11|90,11|89,12|88,12|88,11
89,11|90,11|89,12|88,12|89,10|88,11|88,10|86,10|87,10
164,6|164,5|164,4|167,4|163,5
84,9|84,10|85,10|83,10|83,9|85,9|85,8|84,8
65,56|64,56|63,56|66,56|68,55|67,57|68,57|68,56|64,55|67,56|67,55|66,55|62,57
164,6|164,5|167,4|164,4|163,4
164,6|164,5|167,4|164,4|163,4
89,11|90,11|89,12|88,12|89,10|86,10|87,10|88,10|88,11
164,6|164,5|164,4|167,4|163,4
164,6|164,5|164,4|167,4|163,4
84,9|84,10|85,10|83,10|83,9|85,9|82,10|86,10
84,9|84,10|85,10|83,10|83,9|85,9|85,8|84,8
89,11|90,11|89,12|88,12|89,10|88,11|88,10|87,11|87,10
88,10|89,10|89,11|90,11|89,12|88,12|88,9|87,10|88,11
88,10|89,9|89,10|89,11|90,11|89,12|88,11|90,10|90,12
164,6|164,5|164,4|167,4|163,5
89,11|90,11|89,12|89,10|88,10|86,10|87,10|87,11|90,12
164,6|164,5|164,4|167,4|163,5
89,10|89,11|90,11|89,12|88,12|88,10|88,11|86,10|87,10
84,9|85,10|85,9|86,10|83,9|83,10|84,10|82,10
89,11|90,11|89,12|88,12|89,10|87,11|87,10|88,10|88,11
88,10|89,10|89,11|90,11|89,12|88,12|88,11|86,10|87,10
88,10|89,10|89,11|90,11|89,12|88,12|86,10|87,10|88,11
89,11|90,11|89,12|88,12|89,10|88,11|88,10|86,10|87,10
87,10|88,10|89,11|90,11|89,12|88,12|88,11|87,11|89,10
164,6|164,5|167,4|164,4|163,4
89,11|90,11|89,12|89,10|88,11|88,10|86,10|87,10|90,12
164,6|164,5|167,4|164,4|163,4
65,56|64,56|63,56|66,56|68,55|67,57|68,57|68,56|64,55|67,56|67,55|62,57|66,55
164,6|164,5|164,4|167,4|163,4
89,11|90,11|89,12|88,12|89,10|88,11|88,10|86,10|87,10
64,4|64,5|63,5|64,3|63,3|63,4|62,4
164,6|164,5|164,4|167,4|163,5
162,6|164,6|163,5|163,6|163,7
164,6|163,7|163,6|162,6|163,5
164,6|164,5|164,4|167,4|163,4
88,10|88,9|89,10|89,11|90,11|89,12|88,12|88,11|87,10
89,11|90,11|89,12|88,12|89,10|88,11|88,10|87,11|87,10
132,30|133,30|134,30|134,31|133,31|132,31|132,29|133,29|134,29
89,11|90,11|89,12|88,12|89,10|88,11|88,10|86,10|87,10
88,10|89,9|89,10|89,11|90,11|89,12|88,12|88,11|90,10
88,10|89,10|89,11|90,11|89,12|88,12|88,11|87,11|87,10
84,9|84,10|85,10|83,10|83,9|85,9|82,10|86,10
89,11|90,11|89,12|88,12|89,10|88,11|88,10|87,11|87,10
87,10|88,10|89,10|89,11|89,12|88,12|88,11|88,9|89,13
164,6|164,5|164,4|167,4|163,5
65,56|64,56|67,55|68,55|62,57|68,56|68,57|68,54|67,57|67,56|66,56|63,57|66,55
164,6|164,5|164,4|167,4|163,4
64,4|64,5|63,5|64,3|63,3|63,4|62,4
164,5|164,4|167,4|163,4|163,5
88,10|89,11|90,11|89,12|88,12|89,10|88,11|87,10|90,10
89,11|90,11|89,12|88,12|89,10|87,11|88,11|88,10|87,10
164,6|164,5|164,4|167,4|163,5
89,11|90,11|89,12|88,12|89,10|87,11|88,11|88,10|87,10
94,16|93,16|93,17|96,16|95,16|95,15|94,15
128,4|127,4|128,6|128,3|128,5|127,6|127,5|126,5|129,4
89,11|90,11|89,12|88,12|89,10|88,11|88,10|86,10|87,10
132,30|133,30|134,30|134,31|133,31|133,32|132,31|132,29|133,29
89,11|90,11|89,12|88,12|89,10|86,10|87,10|88,10|88,11
89,11|90,11|89,12|88,12|89,10|87,11|88,11|88,10|87,10
94,16|93,16|93,17|95,16|96,16|97,16|95,15
87,10|88,10|88,9|89,10|89,11|90,11|89,12|88,12|88,11
164,6|164,5|164,4|167,4|163,4
164,6|164,5|167,4|164,4|163,4
84,9|84,10|85,10|83,10|83,9|85,9|82,10|86,10
164,6|164,5|164,4|167,4|163,5
164,6|164,5|167,4|164,4|163,5
88,10|89,10|89,11|90,11|89,12|88,12|88,11|87,11|87,10
89,11|90,11|89,12|88,12|89,10|88,11|88,10|87,10|87,11
84,9|85,10|83,9|85,9|84,10|83,10|85,8|84,8
89,11|90,11|89,12|88,12|89,10|88,10|86,10|87,10|88,11
88,10|89,10|89,11|90,11|89,12|88,12|87,10|87,11|88,11
164,6|164,5|164,4|167,4|163,5
84,9|85,10|83,9|85,9|84,10|83,10|86,10|86,9
164,6|164,5|164,4|167,4|163,5
94,16|93,16|93,17|95,16|96,16|97,16|95,15
88,10|89,10|89,11|90,11|89,12|88,12|88,11|87,10|88,9
89,11|90,11|89,12|88,12|89,10|88,11|88,10|86,10|87,10
164,6|164,5|164,4|167,4|163,4
94,16|93,16|93,17|95,16|96,16|95,15|97,17
164,6|164,5|167,4|164,4|163,5
65,56|64,56|63,56|66,56|68,55|67,57|68,57|68,56|64,55|67,56|67,55|66,55|62,57
164,6|164,5|167,4|164,4|163,4
94,16|93,16|93,17|95,16|96,16|97,16|96,15
65,56|64,56|66,56|68,55|67,57|68,57|68,56|64,55|67,56|67,55|62,57|66,55|63,56
87,10|88,10|89,10|89,11|89,12|88,12|88,11|88,9|89,13
87,10|88,9|89,11|90,11|89,12|88,12|88,11|88,10|89,10
89,11|90,11|89,12|88,12|89,10|88,11|88,10|86,10|87,10
164,6|164,5|164,4|167,4|163,4
87,10|89,10|89,11|90,11|89,12|88,12|88,9|88,10|88,11
164,6|164,5|164,4|167,4|163,4
87,10|88,10|89,10|89,11|90,11|89,12|88,12|88,11|88,9
88,10|89,11|90,11|89,12|88,12|89,10|88,11|88,9|87,10
89,11|90,11|89,12|88,12|89,10|88,11|88,10|86,10|87,10
164,6|164,5|167,4|164,4|163,4
89,11|90,11|89,12|88,12|89,10|88,11|88,10|86,10|87,10
65,56|64,56|63,56|66,56|68,55|67,57|68,57|68,56|64,55|67,56|67,55|66,55|62,57
61,4|62,4|63,4|62,5|64,4|61,5|63,3
164,6|164,5|164,4|167,4|163,4
65,56|64,56|63,56|66,56|68,55|67,57|68,57|68,56|64,55|67,56|67,55|62,57|66,55
87,10|89,10|89,11|90,11|89,12|88,12|88,9|88,10|88,11
89,11|90,11|89,12|88,12|89,10|86,10|87,10|88,10|88,11
129,2|129,3|128,3|128,11|128,4|129,4|128,2|129,1|127,2|128,1
64,4|64,5|63,5|64,3|63,3|63,4|62,4
64,4|64,5|63,5|64,3|63,3|63,4|62,4
164,6|164,5|164,4|167,4|163,5
164,4|164,5|164,6|163,4|164,3
89,11|90,11|89,12|88,12|89,10|87,11|88,11|88,10|87,10
87,10|89,11|90,11|89,12|88,12|89,10|88,11|88,10|88,9
87,10|88,10|89,10|89,11|90,11|89,12|88,12|88,11|87,11
164,6|164,5|164,4|167,4|163,4
164,6|164,5|167,4|164,4|163,5
164,6|163,7|163,6|162,6|163,5
164,6|164,5|167,4|164,4|163,4
164,6|164,5|164,4|167,4|163,4
164,6|164,5|164,4|167,4|163,4
164,6|164,5|164,4|167,4|163,4
89,11|90,11|89,12|88,12|89,10|88,11|88,10|86,10|87,10
89,11|90,11|89,12|88,12|89,10|86,10|87,10|88,10|88,11
89,11|90,11|89,12|88,12|89,10|86,10|87,10|88,10|88,11
164,6|164,5|167,4|164,4|163,5
164,6|164,5|167,4|164,4|163,4
89,11|90,11|89,12|88,12|89,10|88,11|88,10|86,10|87,10
164,6|164,5|164,4|167,4|163,4
87,10|88,10|88,9|89,10|89,11|90,11|89,12|88,12|88,11
164,6|164,5|164,4|167,4|163,4
89,11|90,11|89,12|88,12|89,10|87,11|88,11|88,10|87,10
89,9|89,10|89,11|90,11|89,12|88,12|88,11|88,10|90,10
164,6|164,5|167,4|164,4|163,4
164,6|164,5|164,4|167,4|163,5
89,11|90,11|89,12|88,12|89,10|87,11|88,11|88,10|87,10
164,6|164,5|167,4|164,4|163,4
89,11|90,11|89,12|88,12|89,10|88,11|88,10|86,10|87,10
164,6|164,5|164,4|167,4|163,5
96,15|94,16|93,16|93,17|95,16|95,15|96,16
89,11|90,11|89,12|88,12|89,10|88,11|88,10|86,10|87,10
88,10|89,10|89,11|90,11|89,12|88,12|88,11|86,10|87,10
89,11|90,11|89,12|88,12|89,10|88,11|88,10|87,11|87,10
89,11|90,11|89,12|88,12|89,10|88,11|88,10|86,10|87,10
164,6|164,5|167,4|164,4|163,4
88,10|89,10|89,11|90,11|89,12|88,12|88,11|87,11|87,10
89,11|90,11|89,12|88,12|89,10|86,10|87,10|88,10|88,11
89,11|89,12|88,12|85,10|86,10|86,9|87,10|86,11|89,13
164,6|164,5|164,4|167,4|164,3
89,11|90,11|89,12|88,12|89,10|88,11|88,10|87,11|87,10
164,5|164,4|167,4|163,4|164,3
128,4|127,4|128,6|128,3|128,5|127,6|127,5|126,5|127,3
164,6|164,5|164,4|167,4|163,5
87,10|88,10|89,10|89,11|90,11|89,12|88,12|88,11|88,9
87,10|88,10|89,11|90,11|89,12|88,12|88,11|89,10|88,9
164,6|164,5|167,4|164,4|163,4
89,11|90,11|89,12|88,12|89,10|87,11|88,11|88,10|87,10
89,11|90,11|89,12|88,12|89,10|88,10|86,10|87,10|88,11
89,11|90,12|89,12|87,10|85,10|86,10|86,9|90,11|89,10
129,1|128,3|128,2|128,4|127,2|129,4|129,3|129,2|128,1|127,4
89,11|90,11|89,12|88,12|89,10|88,11|88,10|86,10|87,10
89,11|90,11|89,12|88,12|89,10|88,11|88,10|86,10|87,10
164,6|164,5|167,4|164,4|163,5
164,6|164,5|167,4|164,4|163,5
88,10|89,10|89,11|89,12|88,12|86,10|87,10|87,11|89,13
164,6|164,5|164,4|167,4|163,4
164,6|164,5|164,4|167,4|163,4
65,56|64,56|63,56|66,56|68,55|67,57|68,57|68,56|64,55|67,56|67,55|66,55|62,57
164,6|164,5|164,4|167,4|163,4
132,30|133,30|134,30|134,31|133,31|133,32|132,31|132,29|133,29
88,10|89,11|90,11|89,12|88,12|89,10|88,11|87,10|88,9
87,10|89,10|89,11|90,11|89,12|88,9|88,10|88,11|90,12
164,6|164,5|164,4|167,4|163,5
88,10|89,10|89,11|90,11|89,12|88,12|88,11|87,11|87,10
65,56|64,56|63,56|66,56|68,55|67,57|68,57|68,56|67,56|67,55|66,55|63,57|62,57
87,10|89,10|89,11|90,11|89,12|88,12|88,11|88,10|88,9
164,6|164,5|164,4|167,4|163,4
96,15|94,16|93,16|93,17|95,16|95,15|96,16
167,6|167,5|166,5|168,5|168,6|166,6|167,4
164,6|164,5|167,4|164,4|163,4
87,10|88,10|88,9|89,10|89,11|90,11|89,12|88,12|88,11
164,6|164,5|164,4|167,4|163,5
89,11|90,11|89,12|88,12|89,10|87,11|88,11|88,10|87,10
164,6|164,5|164,4|167,4|163,4
88,10|89,10|89,11|90,11|89,12|88,12|88,11|87,10|88,9
164,6|163,7|163,6|162,6|163,5
87,10|89,10|89,11|90,11|89,12|88,9|88,10|88,11|89,13
164,6|164,5|164,4|167,4|163,4
162,6|164,6|163,5|163,6|163,7
89,11|90,11|89,12|88,12|89,10|88,11|88,10|86,10|87,10
164,6|164,5|167,4|164,4|163,4
164,6|164,5|164,4|167,4|163,5
64,4|64,5|63,5|64,3|63,3|63,4|64,2
162,6|164,6|163,6|163,5|163,7
84,9|85,10|83,9|85,9|84,10|83,10|85,8|84,8
89,11|90,11|89,12|88,12|89,10|88,11|88,10|86,10|87,10
88,10|89,10|89,11|90,11|89,12|88,12|88,11|86,10|87,10
65,56|64,56|63,56|66,56|68,55|67,57|68,57|68,56|64,55|67,56|67,55|66,55|62,57
65,56|64,56|63,56|66,56|68,55|67,57|68,57|68,56|64,55|67,56|67,55|66,55|62,57
164,6|164,5|164,4|167,4|163,4
164,6|164,5|164,4|167,4|163,5
164,6|164,5|167,4|164,4|163,4
164,6|164,5|164,4|167,4|164,3
65,56|64,56|63,56|66,56|68,55|67,57|68,57|68,56|64,55|67,56|67,55|66,55|62,57
129,2|129,3|128,3|128,4|129,4|128,2|129,1|127,2|128,1|127,4
89,11|90,11|89,12|88,12|89,10|87,11|88,11|88,10|87,10
164,6|164,5|164,4|167,4|163,5
164,6|164,5|167,4|164,4|163,4
128,4|127,4|128,3|127,5|127,6|129,4|128,6|127,8|126,8
88,10|89,10|89,11|90,11|89,12|88,12|88,11|87,11|87,10
164,6|164,5|164,4|167,4|163,5
164,6|164,5|164,4|167,4|163,5
89,11|90,11|89,12|88,12|89,10|88,11|88,10|86,10|87,10
87,10|89,10|89,11|90,11|89,12|88,12|88,9|88,10|88,11
164,6|164,5|167,4|164,4|163,4
164,6|164,5|164,4|167,4|163,5
164,6|164,5|164,4|167,4|163,4
164,6|164,5|164,4|163,4|163,5
164,6|164,5|164,4|167,4|163,5
89,11|90,11|89,12|88,12|89,10|88,11|88,10|87,11|87,10
89,11|90,11|89,12|88,12|89,10|87,11|88,11|88,10|87,10
132,30|133,30|134,30|134,31|133,31|133,32|132,31|132,29|134,29
65,56|64,56|63,56|66,56|68,55|67,57|68,57|68,56|64,55|67,56|67,55|66,55|62,57
132,30|133,30|134,30|134,31|133,31|132,31|132,29|133,29|134,32
94,16|93,16|93,17|95,16|96,16|95,15|94,15
128,11|128,4|129,4|128,3|128,2|129,3|129,2|127,2|127,4|127,3
89,11|90,12|89,12|87,10|85,10|86,10|86,9|90,11|89,10
164,6|164,5|167,4|164,4|163,4
164,6|164,5|167,4|164,4|163,4
164,6|164,5|164,4|167,4|163,4
164,6|164,5|164,4|167,4|163,5
164,6|164,5|164,4|167,4|163,5
88,10|89,10|89,11|90,11|89,12|88,11|90,10|90,12|88,9
65,56|64,56|67,55|68,55|62,57|68,56|68,57|68,54|67,57|67,56|66,56|66,55|63,56
89,11|90,11|89,12|88,12|89,10|87,11|88,11|88,10|87,10
65,56|64,56|63,56|66,56|68,55|67,57|68,57|68,56|64,55|67,56|67,55|66,55|62,57
164,6|164,5|164,4|167,4|163,4
94,16|93,16|93,17|95,16|96,16|95,15|97,17
89,11|90,11|89,12|88,12|89,10|88,11|88,10|87,10|85,10
164,6|164,5|167,4|164,4|163,5
61,4|62,4|63,4|62,5|64,4|61,5|64,3
88,10|89,11|90,11|89,12|88,12|88,11|87,11|89,10|87,10
89,11|90,11|89,12|88,12|89,10|87,11|88,11|88,10|87,10
164,6|164,5|164,4|167,4|163,5
65,56|64,56|63,56|66,56|68,55|67,57|68,57|68,56|64,55|67,56|67,55|66,55|62,57
164,6|164,5|167,4|164,4|163,5
164,6|164,5|164,4|167,4|163,4
89,11|90,12|89,12|87,10|85,10|86,10|86,9|90,11|88,10
89,11|90,11|89,12|88,12|89,10|87,11|88,11|88,10|87,10
164,6|164,5|164,4|167,4|163,4
129,2|129,3|128,3|128,4|129,4|128,2|129,1|127,2|128,1|127,3
128,4|127,4|128,3|127,5|127,6|129,4|128,6|127,8|128,5