109,3|99,28|108,3|108,4|142,29|98,28|109,2|108,2|143,28
89,10|88,9|90,10|87,9|88,10|89,9|166,5|168,6
109,3|99,28|108,3|108,4|142,29|98,28|109,2|108,2|143,28
94,21|95,21|85,9|93,21|86,9|85,8|29,45|118,12|29,46
69,55|68,55|23,11|24,11|141,29|68,56|65,60|65,59|121,13|137,25|64,59
107,5|150,17|108,6|108,5|99,27|131,29|68,57|118,9|100,28|149,35
68,55|141,29|85,9|19,21|39,5|18,16|68,57|90,20|92,21|19,20|14,3
107,5|150,17|108,6|108,5|99,27|131,29|68,57|118,9|149,35|93,6
69,55|68,55|24,11|141,29|144,32|68,56|18,17|143,28|18,15|69,56|67,55
107,5|150,17|108,6|108,5|99,27|131,29|68,57|118,9|100,28|149,35
89,10|88,9|87,9|88,10|89,9|141,29|167,5|85,7
109,3|99,28|108,3|108,4|142,29|98,28|109,2|108,2|143,28
109,3|99,28|108,3|108,4|98,28|109,2|108,2|152,18|95,5
95,6|92,21|168,6|18,8|92,23|22,9|91,20|65,60|97,9|14,14
95,6|92,21|168,6|18,8|92,23|22,9|91,20|65,60|97,9|14,14
118,15|121,13|166,5|167,3|164,4|167,5|20,20|64,59
69,55|68,55|23,11|24,11|141,29|68,56|65,60|65,59|121,13|99,25|99,27
109,3|99,28|108,3|108,4|142,29|107,4|86,10|108,2|91,8
94,21|95,21|85,9|93,21|86,9|18,16|85,8|118,12|20,20
89,10|90,10|87,9|88,10|86,10|87,10|85,9|93,19
94,21|95,21|85,9|93,21|86,9|85,8|86,8|67,57|37,8
107,5|109,3|95,6|127,2|92,21|168,6|18,8|92,23|22,9|131,29
69,55|68,55|24,11|141,29|68,56|65,60|65,59|121,13|94,20|137,25|35,5
94,21|95,21|85,9|93,21|86,9|85,8|118,12|67,55|96,23
69,55|68,55|23,11|24,11|141,29|68,56|65,60|65,59|121,13|94,20|86,11
107,5|109,3|109,5|108,6|108,5|99,27|83,9|142,29|69,55|93,12
86,8|86,9|128,1|141,32|98,27|42,39|127,2|95,5|150,17
107,5|109,3|95,6|127,2|92,21|168,6|22,9|102,19|120,9|16,17
69,55|68,55|24,11|141,29|68,56|65,60|65,59|121,13|94,20|137,25|35,5
71,55|147,24|22,12|141,29|164,4|130,29|99,27|147,23|60,56|84,7
107,5|109,3|109,5|150,17|108,6|108,5|99,27|21,9|21,11|94,21
69,55|68,55|24,11|141,29|68,56|65,60|65,59|121,13|137,25|137,26|92,21
107,5|150,17|108,6|108,5|99,27|131,29|68,57|118,9|100,28|117,10
94,21|95,21|85,9|93,21|86,9|18,16|85,8|3,41|119,13
107,5|109,3|109,5|108,6|108,5|99,27|83,9|142,29|69,55|93,12
94,21|95,21|85,9|93,21|86,9|85,8|118,12|67,55|96,23
109,3|99,28|108,3|108,4|107,4|98,28|86,10|109,2|86,9
90,11|89,10|88,9|90,10|87,9|88,10|89,9|99,28
94,21|95,21|85,9|93,21|86,9|85,8|118,12|67,55|96,23
107,5|109,3|95,6|109,5|108,5|106,5|107,6|57,59|109,1|127,4
119,15|121,15|97,18|119,13|95,15|94,20|94,16|62,57
107,5|109,3|109,5|150,17|108,6|108,5|99,27|21,9|21,11|94,21
95,6|92,21|168,6|18,8|22,9|2,36|91,20|65,60|97,9|141,28
107,5|150,17|108,6|108,5|99,27|131,29|68,57|118,9|100,28|149,35
94,21|95,21|85,9|93,21|86,9|18,16|85,8|118,12|20,20
71,55|147,24|141,29|164,4|87,9|61,56|87,8|90,8|141,28|24,12
107,5|108,6|108,5|99,27|131,29|68,57|118,9|144,23|138,20|94,21
69,55|68,55|24,11|141,29|68,56|65,60|65,59|121,13|137,25|137,26|92,21
94,21|95,21|85,9|93,21|86,9|85,8|29,45|118,12|29,46
94,21|95,21|85,9|93,21|86,9|18,16|3,41|119,13|96,21
89,10|90,10|87,9|100,15|86,10|87,10|93,21|84,9
107,5|109,5|150,17|108,6|108,5|99,27|21,9|94,21|108,3|129,35
89,10|88,9|90,10|87,9|88,10|89,9|166,5|168,6
107,5|150,17|108,6|108,5|99,27|131,29|68,57|118,9|149,35|93,6
107,5|109,5|108,6|108,5|99,27|142,29|69,55|93,12|14,3|88,8
107,5|109,5|150,17|108,6|108,5|99,27|21,9|94,21|108,3|129,35
69,55|68,55|24,11|68,56|75,8|85,8|129,3|89,10|107,5|54,32|129,2
94,21|95,21|85,9|93,21|86,9|18,16|85,8|118,12|20,20
94,21|95,21|85,9|93,21|86,9|85,8|86,8|77,15|117,10
107,5|108,6|108,5|99,27|131,29|68,57|118,9|119,8|120,10|89,11
69,55|68,55|24,11|141,29|68,56|65,60|18,17|18,15|69,56|19,15|132,28
94,20|122,12|121,13|166,5|167,4|91,20|84,10|95,20
109,3|99,28|108,3|108,4|142,29|98,28|109,2|108,2|143,28
86,8|86,9|128,1|141,32|98,27|42,39|127,2|95,5|150,17
122,14|94,21|95,21|85,9|93,21|3,37|61,59|83,10|121,13
107,5|150,17|108,6|108,5|99,27|131,29|68,57|118,9|100,28|149,35
71,55|147,24|22,12|141,29|87,6|99,27|147,23|60,56|121,13|94,12
94,21|95,21|85,9|93,21|86,9|18,16|3,41|119,13|96,21
69,55|68,55|24,11|141,29|68,56|65,60|18,17|18,15|69,56|19,15|99,19
89,10|88,9|90,10|87,9|88,10|89,9|166,5|168,6
94,21|95,21|85,9|93,21|86,9|85,8|86,8|67,57|41,6
94,21|95,21|85,9|93,21|86,9|18,16|85,8|118,12|20,20
122,14|94,21|95,21|85,9|93,21|3,37|83,10|121,13|25,47
86,8|86,9|128,1|141,32|98,27|42,39|127,2|95,5|150,17
109,3|99,28|108,3|108,4|109,2|108,2|163,5|163,6|95,21
69,55|68,55|24,11|141,29|144,32|68,56|18,17|143,28|69,56|67,55|164,6
87,9|86,8|86,9|128,1|98,27|127,2|87,8|123,3|90,20
118,15|121,13|166,5|167,3|164,4|167,5|20,20|64,59
94,21|95,21|85,9|93,21|86,9|85,8|86,8|38,41|83,27
119,15|121,15|97,18|119,13|95,15|94,20|94,16|62,57
107,5|150,17|108,6|108,5|99,27|131,29|68,57|118,9|100,28|149,35
107,5|109,3|95,6|109,5|108,6|108,5|106,5|107,6|17,17|66,56
122,14|94,21|95,21|85,9|93,21|3,37|61,59|83,10|121,13
107,5|95,6|92,21|168,6|18,8|92,23|91,20|65,60|92,22|158,3
107,5|150,17|108,6|108,5|99,27|131,29|68,57|118,9|100,28|149,35
107,5|109,5|150,17|108,6|108,5|99,27|21,9|21,11|94,21|127,2
109,3|99,28|108,3|108,4|109,2|108,2|94,21|132,29|99,26
94,21|95,21|85,9|93,21|86,9|85,8|67,55|96,23|129,3
119,15|121,15|97,18|119,13|120,15|117,15|142,25|93,21
94,21|95,21|85,9|93,21|86,9|18,16|85,8|118,12|20,20
69,55|68,55|24,11|141,29|68,56|65,60|65,59|121,13|64,59|124,17|93,17
118,15|121,13|166,5|164,4|167,5|2,34|86,10|79,9
107,5|108,6|108,5|99,27|131,29|68,57|118,9|120,10|100,27|131,30
87,9|86,8|86,9|128,1|98,27|127,2|87,8|123,3|109,3
107,5|108,6|108,5|99,27|131,29|68,57|118,9|119,8|89,11|97,9
69,55|68,55|141,29|68,56|18,17|143,28|67,55|164,6|158,2|67,57|93,19
89,10|88,9|90,10|87,9|88,10|89,9|166,5|168,6
107,5|108,6|108,5|99,27|131,29|68,57|118,9|144,23|138,20|94,21
109,3|99,28|108,3|108,4|142,29|107,4|86,10|108,2|91,8
107,5|95,6|109,5|108,6|108,5|106,5|158,6|107,6|91,20|59,56
109,3|99,28|108,3|108,4|109,2|108,2|163,5|163,6|95,21
118,15|121,13|166,5|101,15|167,5|86,10|95,21|91,22
107,5|109,3|109,5|150,17|108,6|108,5|99,27|21,9|21,11|94,21
107,5|109,3|109,5|108,6|108,5|99,27|83,9|142,29|69,55|109,6
107,5|150,17|108,6|108,5|99,27|131,29|68,57|118,9|100,28|149,35
87,9|86,8|86,9|128,1|98,27|127,2|87,8|123,3|109,3
94,21|95,21|85,9|93,21|86,9|18,16|3,41|119,13|64,56
89,10|87,9|88,10|86,10|166,6|85,12|85,9|84,13
122,14|94,21|95,21|85,9|93,21|3,37|61,59|83,10|121,13
118,15|121,13|166,5|101,15|167,5|86,10|95,21|91,22
94,21|95,21|85,9|93,21|86,9|85,8|86,8|77,15|117,10
119,15|121,15|97,18|119,13|29,46|120,15|97,16|121,13
69,55|68,55|24,11|141,29|68,56|18,17|18,15|69,56|19,15|101,19|23,12
127,2|92,21|168,6|68,57|128,2|91,20|87,10|100,30|14,14|102,20
69,55|68,55|23,11|24,11|141,29|65,60|65,59|121,13|99,25|67,55|98,26
69,55|68,55|24,11|141,29|68,56|65,60|18,17|18,15|69,56|19,15|132,28
107,5|150,17|108,6|108,5|99,27|131,29|68,57|118,9|100,28|149,35
69,55|68,55|23,11|24,11|141,29|68,56|65,60|121,13|64,59|102,14|140,30
109,3|99,28|108,3|108,4|109,2|108,2|163,5|95,21|109,4
122,14|94,21|95,21|85,9|93,21|3,37|61,59|83,10|121,13
107,5|150,17|108,6|108,5|99,27|21,9|94,21|108,3|129,35|128,0
122,14|94,21|95,21|85,9|93,21|3,37|83,10|121,13|22,21
89,10|88,9|90,10|87,9|88,10|89,9|168,6|169,6
94,21|95,21|85,9|93,21|86,9|18,16|85,8|118,12|20,20
118,15|121,13|166,5|167,3|164,4|167,5|20,20|64,59
127,2|92,21|168,6|68,57|128,2|91,20|87,10|100,30|14,14|102,20
107,5|95,6|92,21|168,6|18,8|92,23|2,36|91,20|92,22|109,3
107,5|108,6|108,5|99,27|131,29|68,57|118,9|119,8|120,10|89,11
107,5|150,17|108,6|108,5|99,27|131,29|68,57|118,9|100,28|149,35
107,5|95,6|92,21|168,6|18,8|92,23|2,36|65,60|92,22|87,7
71,55|147,24|22,12|141,29|164,4|130,29|99,27|147,23|60,56|84,7
107,5|108,6|108,5|99,27|21,9|94,21|108,3|129,35|169,10|50,7
109,3|99,28|108,3|108,4|109,2|108,2|163,5|163,6|95,21
107,5|109,3|95,6|109,5|108,6|108,5|106,5|158,6|107,6|17,18
89,10|88,9|90,10|87,9|89,9|166,5|95,21|86,10
86,8|86,9|128,1|141,32|98,27|42,39|127,2|95,5|150,17
69,55|68,55|141,29|68,56|18,17|143,28|67,55|164,6|158,2|67,57|93,19
109,3|99,28|108,3|108,4|142,29|98,28|109,2|108,2|143,28
107,5|108,5|99,27|21,9|94,21|108,3|129,35|169,10|50,7|100,21
71,55|147,24|22,12|141,29|164,4|130,29|99,27|147,23|84,7|21,9
95,6|92,21|168,6|18,8|92,23|91,20|65,60|92,22|156,5|24,11
107,5|109,5|150,17|108,6|108,5|99,27|21,9|21,11|94,21|127,2
94,21|95,21|85,9|93,21|86,9|18,16|85,8|118,12|20,20
107,5|108,6|108,5|99,27|131,29|68,57|118,9|119,8|120,10|117,9
107,5|109,5|108,6|108,5|99,27|83,9|142,29|69,55|109,6|129,2
87,9|86,8|86,9|128,1|98,27|127,2|87,8|123,3|109,3
69,55|68,55|23,11|24,11|141,29|68,56|65,60|65,59|121,13|64,59|168,6
107,5|109,5|150,17|108,6|108,5|99,27|21,9|21,11|94,21|127,2
107,5|109,5|150,17|108,6|108,5|99,27|21,9|21,11|94,21|91,15
69,55|68,55|24,11|141,29|68,56|65,60|65,59|121,13|137,25|137,26|92,21
109,3|99,28|108,3|108,4|98,28|109,2|108,2|143,28|143,29
94,21|95,21|85,9|93,21|86,9|18,16|85,8|20,20|21,19
107,5|109,5|150,17|108,6|108,5|99,27|21,9|21,11|94,21|127,2
107,5|109,5|150,17|108,6|108,5|99,27|21,9|94,21|108,3|129,35
71,55|22,12|164,4|132,28|87,6|130,29|5,41|87,9|167,6|24,11
107,5|127,2|92,21|168,6|68,57|128,2|91,20|87,10|92,8|105,5
94,20|122,12|121,13|166,5|167,4|91,20|84,10|123,13
94,21|95,21|85,9|93,21|86,9|85,8|118,12|67,55|96,23
90,11|89,10|88,9|90,10|87,9|88,10|89,9|99,28
109,3|99,28|108,3|108,4|142,29|98,28|109,2|108,2|143,28
94,21|95,21|85,9|93,21|86,9|85,8|67,55|96,23|129,3
71,55|22,12|141,29|164,4|130,29|99,27|147,23|84,7|21,9|68,57
109,3|99,28|108,3|108,4|142,29|98,28|109,2|108,2|143,28
107,5|127,2|18,16|92,21|168,6|18,8|118,11|97,15|24,9|108,3
69,55|68,55|24,11|141,29|68,56|65,60|65,59|121,13|137,25|92,21|142,29
107,5|109,5|108,6|108,5|99,27|142,29|69,55|109,6|129,2|129,6
89,10|90,10|87,9|88,10|86,10|87,10|85,9|93,19
107,5|109,3|109,5|150,17|108,6|108,5|99,27|21,9|21,11|94,21
89,10|87,9|88,10|86,10|87,10|85,9|120,16|19,15
89,10|88,9|90,10|87,9|88,10|89,9|99,28|97,24
107,5|108,6|108,5|99,27|131,29|68,57|118,9|120,10|100,27|131,30
89,10|88,9|90,10|61,2|99,27|95,5|93,21|98,27
86,8|86,9|128,1|141,32|98,27|42,39|127,2|95,5|150,17
107,5|109,3|95,6|109,5|108,6|108,5|106,5|107,6|17,17|66,56
94,21|95,21|85,9|93,21|86,9|85,8|86,8|38,41|83,27
94,21|95,21|85,9|93,21|86,9|18,16|85,8|118,12|20,20
94,20|121,13|166,5|167,4|91,20|84,10|123,13|92,21
69,55|68,55|24,11|68,56|85,8|129,3|89,10|107,5|134,32|98,26|69,56
69,55|68,55|141,29|144,32|68,56|18,17|67,55|164,6|158,2|67,57|141,31
109,3|99,28|108,3|108,4|109,2|108,2|94,21|132,29|99,26
95,21|85,9|93,21|86,9|85,8|86,8|38,41|85,10|66,60
109,3|99,28|108,3|108,4|98,28|109,2|108,2|152,18|95,5
69,55|68,55|24,11|141,29|68,56|65,60|65,59|121,13|64,59|124,17|93,17
107,5|109,3|95,6|109,5|108,6|108,5|106,5|107,6|17,17|29,47
69,55|68,55|24,11|141,29|68,56|65,60|65,59|121,13|137,25|137,26|92,21
109,3|99,28|108,3|108,4|142,29|98,28|109,2|108,2|143,28
95,6|92,21|168,6|18,8|92,23|91,20|65,60|97,9|14,14|18,19
69,55|68,55|23,11|24,11|141,29|68,56|65,60|65,59|121,13|99,25|99,27
69,55|68,55|24,11|68,56|75,8|85,8|129,3|89,10|107,5|54,32|129,2
107,5|109,5|150,17|108,6|108,5|99,27|21,9|94,21|108,3|129,35
69,55|68,55|141,29|144,32|68,56|67,55|164,6|67,57|141,31|89,26|118,12
88,9|87,9|88,10|86,10|96,16|166,6|167,6|86,9
69,55|68,55|23,11|24,11|141,29|65,60|65,59|123,12|67,55|141,31|77,9
95,21|85,9|93,21|86,9|85,8|86,8|85,10|35,1|39,5
86,8|86,9|128,1|141,32|98,27|42,39|127,2|95,5|150,17
109,3|99,28|108,3|108,4|142,29|98,28|109,2|108,2|144,29
109,3|99,28|108,3|108,4|142,29|98,28|109,2|108,2|143,28
109,3|99,28|108,3|108,4|142,29|98,28|109,2|108,2|143,28
107,5|109,5|150,17|108,6|108,5|99,27|21,9|94,21|108,3|129,35
109,3|99,28|108,3|108,4|142,29|98,28|109,2|108,2|143,28
109,3|99,28|108,3|108,4|98,28|109,2|108,2|143,28|143,29
69,55|68,55|23,11|24,11|141,29|68,56|65,60|65,59|121,13|167,6|100,15
89,10|90,10|87,9|100,15|86,10|87,10|93,21|84,9
89,10|88,9|90,10|87,9|88,10|61,2|99,27|61,0
122,14|94,21|95,21|85,9|93,21|3,37|83,10|121,13|21,21
109,3|99,28|108,3|108,4|107,4|98,28|86,10|109,2|86,9
90,11|89,10|88,9|90,10|87,9|88,10|89,9|99,28
107,5|95,6|92,21|168,6|18,8|2,36|91,20|92,22|120,17|39,6
89,10|88,9|90,10|87,9|88,10|61,2|99,27|61,0
107,5|109,5|108,6|108,5|99,27|142,29|93,12|130,30|68,56|99,23
71,55|147,24|22,12|141,29|87,6|99,27|147,23|60,56|121,13|94,12
107,5|127,2|92,21|168,6|68,57|128,2|91,20|87,10|92,8|144,18
94,21|95,21|85,9|93,21|86,9|85,8|86,8|77,15|117,10
68,1|68,2|67,2|67,1|67,0|66,0|66,1|65,2|66,2
68,1|68,2|67,2|67,1|67,0|66,0|66,1|66,2|65,1
66,0|67,0|68,0|68,1|67,1|68,2|66,2|67,2|65,1
68,1|68,2|67,2|67,1|67,0|66,0|66,1|65,1|66,2
68,1|67,2|67,1|67,0|66,0|66,1|65,1|68,2|66,2
68,1|67,2|67,1|67,0|66,0|65,2|68,2|66,2|66,1
96,26|96,25|96,24|95,24|95,25|95,26|94,25
68,1|68,2|67,2|67,1|67,0|66,0|66,1|66,2|65,2
66,0|67,0|68,0|68,1|67,1|68,2|66,2|67,2|65,2
75,6|74,6|75,5|74,5|76,5|76,6|75,4
84,9|85,9|83,8|84,8|84,7|85,8|83,7|83,9
68,1|68,2|67,2|67,1|67,0|66,0|65,2|66,2|66,1
66,0|67,0|67,1|67,3|66,2|67,2|68,2|68,1|65,1
75,6|74,6|75,5|74,5|76,5|76,6|75,4
168,3|168,4|167,3|167,4|167,2|169,3|168,2
68,1|67,2|67,1|67,0|66,0|68,2|66,2|66,1|65,1
68,1|68,2|67,2|67,1|67,0|66,0|65,2|66,2|66,1
107,6|106,6|105,6|105,7|106,7|107,7|108,6|108,5|107,5|108,7
84,9|83,8|84,8|84,7|85,8|83,7|85,9|83,9
68,1|68,2|67,2|67,1|67,0|66,0|65,2|66,2|66,1
68,1|67,2|67,1|67,0|66,0|68,2|66,2|66,1|65,1
66,0|67,0|67,1|67,3|66,2|67,2|68,2|68,1|65,1
68,1|68,2|67,2|67,1|67,0|66,0|66,1|66,2|65,1
68,1|68,2|67,2|67,1|67,0|66,0|65,2|66,2|66,1
66,0|67,0|67,1|67,3|66,2|67,2|68,2|68,1|65,1
68,1|68,2|67,2|67,1|67,0|66,0|66,2|65,2|66,1
160,40|159,40|160,39|160,38|159,39|158,39|158,38|159,38|158,40
68,1|67,2|67,1|67,0|66,0|65,2|68,2|66,2|66,1
75,6|74,6|75,5|74,5|76,5|75,4|77,6
160,40|159,40|160,39|160,38|159,39|158,39|158,38|159,38|158,40
68,1|68,2|67,2|67,1|67,0|66,0|66,1|66,2|65,1
66,0|67,0|68,0|68,1|67,1|68,2|66,2|67,2|65,1
68,1|68,2|67,2|67,1|67,0|66,0|66,1|66,2|65,2
66,0|67,0|67,1|67,3|66,2|67,2|68,2|68,1|65,1
68,1|67,2|67,1|67,0|66,0|68,2|66,2|66,1|65,2
68,1|67,2|67,1|67,0|66,0|68,2|66,2|66,1|65,2
168,3|168,4|167,3|167,4|167,2|168,2|169,3
68,1|67,2|67,1|67,0|66,0|66,1|65,1|66,2|68,2
68,1|67,2|67,1|67,0|66,0|66,1|66,2|65,1|68,2
68,1|67,2|67,1|67,0|66,0|66,2|66,1|65,1|68,2
68,1|67,2|67,1|67,0|66,0|66,2|66,1|65,1|68,2
66,0|67,0|68,0|68,1|67,1|68,2|66,2|67,2|65,2
68,1|68,2|67,2|67,1|67,0|66,0|66,2|66,1|65,1
91,10|91,11|90,10|90,9|89,10|89,9|91,9|89,11|90,11
68,1|68,2|67,2|67,1|67,0|66,0|66,1|66,2|65,2
68,1|68,2|67,2|67,1|67,0|66,0|65,1|66,2|68,0
68,1|68,2|67,2|67,1|67,0|66,0|66,1|66,2|65,2
96,26|96,25|96,24|95,24|95,25|95,26|94,25
68,1|68,2|67,2|67,1|67,0|66,0|66,2|66,1|65,1
68,1|68,2|67,2|67,1|67,0|66,0|66,2|66,1|65,1
82,10|83,10|81,10|84,10|84,9|85,10|83,9|82,9
68,1|67,2|67,1|67,0|66,0|66,1|66,2|68,2|65,2
82,13|82,10|83,10|85,10|84,10|84,9|83,9|81,10
160,40|159,40|160,39|160,38|159,39|158,39|158,38|159,38|158,40
68,1|68,2|67,2|67,1|67,0|66,0|66,2|65,2|66,1
68,1|68,2|67,2|67,1|67,0|66,0|66,2|65,2|66,1
68,1|68,2|67,2|67,1|67,0|66,0|66,2|65,1|67,3
68,1|68,2|67,2|67,1|67,0|66,0|66,2|66,1|65,1
96,26|96,25|96,24|95,24|95,25|95,26|94,25
107,6|106,6|105,6|105,7|107,7|108,6|107,5|106,7|108,7|108,5
68,1|67,2|67,1|67,0|66,0|66,2|66,1|68,2|65,2
68,1|68,2|67,2|67,1|67,0|66,0|66,2|66,1|65,1
68,56|69,55|71,55|70,53|69,54|70,54|68,54|71,54|70,55|67,57|68,57|68,55|67,55|70,56
75,6|74,6|75,5|74,5|75,4|76,5|76,6
68,1|68,2|67,2|67,1|67,0|66,0|65,2|66,2|66,1
66,0|67,0|67,1|67,3|66,2|67,2|68,2|68,1|65,1
68,1|67,2|67,1|67,0|66,0|68,2|66,2|66,1|65,2
68,1|67,2|67,1|67,0|66,0|66,1|66,2|68,2|65,1
86,7|86,8|85,9|86,9|87,9|85,8|87,8|87,7
68,1|67,2|67,1|67,0|66,0|65,1|68,2|66,2|66,1
68,1|68,2|67,2|67,1|67,0|66,0|66,1|66,2|65,1
68,1|68,2|67,2|67,1|67,0|66,0|65,2|66,2|66,1
68,1|67,2|67,1|67,0|66,0|68,2|66,2|66,1|65,1
68,1|68,2|67,2|67,1|67,0|66,0|66,2|65,2|66,1
68,1|68,2|67,2|67,1|67,0|66,0|66,2|66,1|65,1
68,1|68,2|67,2|67,1|67,0|66,0|66,2|65,2|66,1
68,1|67,2|67,1|67,0|66,0|68,2|66,2|66,1|65,2
68,1|68,2|67,2|67,1|67,0|66,0|66,1|65,1|66,2
84,9|85,9|83,9|84,7|85,7|85,8|84,8|83,8
68,1|68,2|67,2|67,1|67,0|66,0|65,2|66,2|66,1
68,1|68,2|67,2|67,1|67,0|66,0|66,1|66,2|65,2
68,1|67,2|67,1|67,0|66,0|68,2|66,2|66,1|65,1
66,0|67,0|67,1|67,3|66,2|67,2|68,2|68,1|65,1
68,1|68,2|67,2|67,1|67,0|66,0|66,2|68,0|65,1
68,1|68,2|67,2|67,1|67,0|66,0|66,2|65,2|66,1
68,1|68,2|67,2|67,1|67,0|66,2|65,1|66,0|67,3
68,1|68,2|67,2|67,1|67,0|66,0|65,2|66,2|66,1
68,1|67,2|67,1|67,0|66,0|65,2|68,2|66,2|66,1
66,0|67,0|68,0|68,1|67,1|68,2|66,2|67,2|65,1
68,1|68,2|67,2|67,1|67,0|65,2|66,2|66,0|66,1
67,55|68,55|68,56|69,55|71,55|70,53|69,54|70,54|68,54|71,54|70,55|68,57|67,57|70,56
66,0|67,0|67,1|67,3|66,2|67,2|68,2|68,1|65,1
68,1|67,2|67,1|67,0|66,0|66,2|68,2|68,0|65,1
84,9|85,9|84,7|85,7|85,8|83,7|84,8|83,8
66,0|67,0|67,1|66,2|67,2|68,2|68,1|65,1|67,3
71,18|72,17|73,18
68,1|68,2|67,2|67,1|67,0|66,0|66,1|66,2|65,2
68,1|68,2|67,2|67,1|67,0|66,0|66,2|67,3|65,1
68,1|68,2|67,2|67,1|67,0|66,0|65,2|66,2|66,1
66,0|67,0|68,0|68,1|67,1|68,2|66,2|67,2|65,1
66,0|67,0|68,0|68,1|67,1|68,2|66,2|67,2|65,2
68,1|67,2|67,1|67,0|66,0|68,2|66,2|66,1|65,1
66,0|67,0|67,1|67,3|66,2|67,2|68,2|68,1|65,1
66,0|67,0|68,0|68,1|67,1|68,2|66,2|67,2|64,2
66,0|67,0|67,1|67,3|66,2|67,2|68,2|68,1|65,1
68,1|68,2|67,2|67,1|67,0|66,0|66,1|66,2|65,1
96,26|96,25|96,24|95,24|95,25|95,26|94,25
68,56|69,55|69,56|71,55|69,54|70,54|68,54|71,54|70,55|67,57|68,57|68,55|67,55|70,56
68,1|68,2|67,2|67,1|67,0|66,0|66,1|66,2|65,1
68,1|67,2|67,1|67,0|66,0|68,2|66,2|66,1|65,2
68,1|67,2|67,1|67,0|66,0|68,2|66,2|66,1|65,1
66,0|67,0|67,1|66,2|67,2|68,2|68,1|67,3|65,1
66,0|67,0|67,1|66,2|67,2|68,2|68,1|67,3|65,1
66,0|67,0|67,1|67,3|66,2|67,2|68,2|68,1|65,1
68,1|67,2|67,1|67,0|66,0|68,2|66,2|66,1|65,2
68,1|68,2|67,2|67,1|67,0|66,0|66,1|66,2|65,2
68,1|68,2|67,2|67,1|67,0|65,2|66,2|66,0|66,1
68,1|68,2|67,2|67,1|67,0|66,0|65,2|66,2|66,1
67,55|68,55|68,56|69,55|71,55|70,53|69,54|70,54|68,54|71,54|70,55|68,57|67,57|70,56
66,0|67,0|67,1|67,3|66,2|67,2|68,2|68,1|65,1
96,26|96,25|96,24|95,24|95,25|95,26|94,25
68,1|68,2|67,2|67,1|67,0|66,0|66,2|68,0|65,1
68,1|67,2|67,1|67,0|66,0|66,2|66,1|68,2|65,1
17,17|18,17|17,16|17,18|16,16|16,15|16,14|16,17|15,16|15,15|15,17
84,9|85,9|84,7|85,7|85,8|83,7|84,8|83,8
66,0|67,0|68,0|68,1|67,1|68,2|66,2|67,2|64,2
66,0|67,0|68,0|68,1|67,1|68,2|66,2|67,2|65,2
159,40|159,39|158,38|159,38|157,39|158,40|158,39|160,39|160,38
68,1|67,2|67,1|67,0|66,0|68,2|66,2|66,1|65,2
68,1|68,2|67,2|67,1|67,0|66,0|66,2|65,2|66,1
68,1|67,2|67,1|67,0|66,0|66,2|68,2|65,2|66,1
68,1|68,2|67,2|67,1|67,0|66,0|65,2|66,2|66,1
67,55|68,55|68,56|69,55|71,55|70,53|69,54|70,54|68,54|71,54|70,55|68,57|67,57|70,56
68,1|68,2|67,2|67,1|67,0|66,0|65,2|66,2|66,1
68,55|68,56|69,55|71,55|70,53|69,54|70,54|68,54|71,54|70,55|68,57|67,57|67,55|70,56
68,1|68,2|67,2|67,1|67,0|66,0|66,2|65,2|66,1
66,0|67,0|68,0|68,1|67,1|68,2|66,2|67,2|65,1
68,1|68,2|67,2|67,1|67,0|66,0|66,1|66,2|65,2
68,1|67,2|67,1|67,0|66,0|68,2|66,2|66,1|65,1
68,1|67,2|67,1|67,0|66,0|66,1|66,2|68,2|65,1
68,1|67,2|67,1|67,0|66,0|66,2|66,1|68,2|65,2
96,26|96,25|96,24|95,24|95,25|95,26|94,25
86,7|86,8|86,9|87,9|85,8|87,8|87,7|85,9
68,1|68,2|67,2|67,1|67,0|66,0|66,1|66,2|65,2
68,1|68,2|67,2|67,1|67,0|66,2|66,0|66,1|65,1
96,26|96,25|96,24|95,24|95,25|95,26|94,25
66,0|67,0|67,1|66,2|67,2|68,2|68,1|68,0|65,1
84,9|85,9|85,7|85,8|85,10|84,7|84,8|84,10
68,1|67,2|67,1|67,0|66,0|66,2|68,2|66,1|65,1
70,18|71,18|73,18
107,6|108,6|108,5|107,5|105,7|108,7|104,8|109,6|108,4|107,4
67,55|68,55|68,56|69,55|71,55|69,54|70,54|68,54|71,54|70,55|70,53|68,57|67,57|70,56
66,0|67,0|67,1|67,3|66,2|67,2|68,2|68,1|65,1
68,1|68,2|67,2|67,1|67,0|66,0|66,2|66,1|65,1
68,1|68,2|67,2|67,1|67,0|66,0|66,1|66,2|65,2
68,1|68,2|67,2|67,1|67,0|66,0|66,1|66,2|65,1
68,1|68,2|67,2|67,1|67,0|66,0|66,2|65,2|68,0
76,6|75,6|74,6|74,5|76,5|75,5|75,7
67,55|68,55|68,56|69,55|71,55|69,54|70,54|68,54|71,54|70,55|67,56|67,57|68,57|70,56
70,18|71,18|73,18
68,55|68,56|69,55|71,55|70,53|69,54|70,54|68,54|71,54|70,55|68,57|67,57|67,55|70,56
68,56|69,55|71,55|69,54|70,54|68,54|71,54|70,55|67,57|68,57|68,55|67,55|69,56|70,56
68,1|67,2|67,1|67,0|66,0|66,1|68,2|66,2|65,2
75,6|74,6|75,5|74,5|76,5|75,4|77,6
68,1|68,2|67,2|67,1|67,0|66,0|66,2|66,1|65,1
68,1|68,2|67,2|67,1|67,0|66,0|66,2|66,1|65,1
68,1|67,2|67,1|67,0|66,0|66,1|65,1|66,2|68,2
68,1|68,2|67,2|67,1|67,0|66,0|66,1|66,2|65,1
66,0|67,0|67,1|67,3|66,2|67,2|68,2|68,1|65,1
68,1|68,2|67,2|67,1|67,0|66,0|66,1|65,1|66,2
68,1|67,2|67,1|67,0|66,0|68,2|66,2|66,1|65,2
68,1|67,2|67,1|67,0|66,0|68,2|66,2|66,1|65,1
66,0|67,0|67,1|67,3|66,2|67,2|68,2|68,1|65,1
68,1|68,2|67,2|67,1|67,0|66,0|66,2|68,0|65,1
68,56|69,55|71,55|69,54|70,54|68,54|71,54|70,55|67,57|68,57|68,55|67,55|70,56|67,56
68,1|68,2|67,2|67,1|67,0|66,0|66,1|66,2|65,2
68,1|68,2|67,2|67,1|67,0|66,0|66,2|66,1|65,1
68,1|67,2|67,1|67,0|66,0|66,2|68,2|66,1|65,1
68,1|68,2|67,2|67,1|67,0|66,0|66,2|66,1|65,1
66,0|67,0|68,0|68,1|67,1|68,2|66,2|67,2|65,2
68,1|68,2|67,2|67,1|67,0|66,0|66,2|68,0|64,2
71,18|73,18|72,17
68,1|68,2|67,2|67,1|67,0|66,0|66,1|66,2|65,1
68,1|68,2|67,2|67,1|67,0|66,0|66,2|68,0|65,1
68,1|68,2|67,2|67,1|67,0|66,0|66,2|67,3|65,1
68,1|68,2|67,2|67,1|67,0|66,2|66,0|66,1|65,1
68,1|67,2|67,1|67,0|66,0|68,2|66,2|66,1|65,2
68,1|68,2|67,2|67,1|67,0|66,0|66,1|66,2|65,2
68,1|67,2|67,1|67,0|66,0|68,2|66,2|66,1|65,1
67,55|68,55|68,56|69,55|71,55|69,54|70,54|68,54|71,54|70,55|67,56|67,57|68,57|70,56
18,18|18,17|19,18|19,17|20,15|20,19|19,19|19,20|18,16|17,17|18,19
70,18|71,18|73,18
68,1|68,2|67,2|67,1|67,0|66,0|66,2|66,1|65,1
66,0|67,0|68,0|68,1|67,1|68,2|66,2|67,2|65,1
68,1|67,2|67,1|67,0|66,0|66,2|68,2|68,0|65,1
70,18|71,18|73,18
68,1|68,2|67,2|67,1|67,0|66,0|66,2|67,3|65,1
68,1|68,2|67,2|67,1|67,0|66,0|66,2|66,1|65,2
68,1|68,2|67,2|67,1|67,0|66,0|66,2|68,0|65,1
66,0|67,0|67,1|67,3|66,2|67,2|68,2|68,1|65,1
84,9|85,9|83,9|84,7|85,8|83,7|84,8|83,8
66,0|67,0|68,0|68,1|67,1|68,2|66,2|67,2|65,1
75,6|74,6|75,5|74,5|76,5|75,4|77,6
68,1|68,2|67,2|67,1|67,0|66,0|66,2|66,1|65,1
68,1|68,2|67,2|67,1|67,0|66,0|66,2|66,1|65,1
68,1|67,2|67,1|67,0|66,0|68,2|66,2|66,1|65,1
68,1|68,2|67,2|67,1|67,0|66,0|66,1|66,2|65,2
68,1|68,2|67,2|67,1|67,0|66,0|66,2|66,1|65,2
68,1|67,2|67,1|67,0|66,0|68,2|66,2|66,1|65,1
71,18|73,18|72,18
68,1|68,2|67,2|67,1|67,0|66,0|66,2|65,1|68,0
68,1|67,2|67,1|67,0|66,0|68,2|66,2|66,1|65,2
168,3|168,4|167,3|167,4|167,2|168,2|167,5
68,1|67,2|67,1|67,0|66,0|66,1|66,2|65,1|68,2
68,1|68,2|67,2|67,1|67,0|66,0|66,2|66,1|65,1
68,1|68,2|67,2|67,1|67,0|66,0|66,2|67,3|65,1
68,1|68,2|67,2|67,1|67,0|66,0|66,2|66,1|65,1
148,32|149,32|147,32|148,33|149,33|146,33|147,33
68,1|68,2|67,2|67,1|67,0|66,0|66,2|66,1|65,2
68,1|68,2|67,2|67,1|67,0|66,0|66,2|66,1|65,1
67,55|68,55|68,56|69,55|71,55|69,54|70,54|68,54|71,54|70,55|67,56|67,57|68,57|70,56
68,1|68,2|67,2|67,1|67,0|66,0|66,2|66,1|65,1
68,1|68,2|67,2|67,1|67,0|66,0|66,2|66,1|65,1
68,1|68,2|67,2|67,1|67,0|66,0|66,2|68,0|65,1
68,1|67,2|67,1|67,0|66,0|68,2|66,2|66,1|65,2
84,9|85,10|84,10|83,10|85,9|85,8|83,9|84,8
19,15|18,16|17,17|19,17|17,16|18,17|18,18|16,16|18,15|16,17
76,6|75,6|74,6|74,5|76,5|75,5|77,6
70,18|71,18|73,15
68,1|67,2|67,1|67,0|66,0|66,2|66,1|68,2|65,1
96,26|96,25|96,24|95,24|95,25|95,26|94,25
70,18|71,18|73,18
68,1|68,2|67,2|67,1|67,0|66,0|66,2|66,1|65,2
66,0|67,0|67,1|67,3|66,2|67,2|68,2|68,1|65,1
76,6|75,6|74,6|74,5|76,5|75,5|75,8
66,0|67,0|67,1|66,2|67,2|68,2|68,1|67,3|65,1
68,1|68,2|67,2|67,1|67,0|66,0|66,2|66,1|65,2
66,0|67,0|68,0|68,1|67,1|68,2|66,2|67,2|65,1
68,1|67,2|67,1|67,0|66,0|68,2|66,2|66,1|65,2
67,55|68,55|68,56|69,55|71,55|69,54|70,54|68,54|71,54|70,55|67,57|68,57|70,56|66,56
68,1|68,2|67,2|67,1|67,0|66,0|66,2|66,1|65,2
68,56|69,55|71,55|69,54|70,54|68,54|71,54|70,55|68,57|68,55|67,55|69,56|70,56|67,57
68,1|68,2|67,2|67,1|67,0|66,0|66,2|66,1|65,2
68,1|68,2|67,2|67,1|67,0|66,0|66,2|66,1|65,2
68,1|68,2|67,2|67,1|67,0|66,0|66,1|66,2|65,2
66,0|67,0|68,0|68,1|67,1|68,2|66,2|67,2|64,2
68,1|67,2|67,1|67,0|66,0|68,2|66,2|66,1|65,1
82,10|83,10|85,10|84,10|84,9|83,9|81,10|83,13
68,1|67,2|67,1|67,0|66,0|68,2|66,2|66,1|65,2
68,1|68,2|67,2|67,1|67,0|66,0|66,2|66,1|65,1
68,1|68,2|67,2|67,1|67,0|66,0|66,2|66,1|65,2
66,0|67,0|67,1|66,2|67,2|68,2|68,1|68,0|65,1
66,0|67,0|67,1|67,3|66,2|67,2|68,2|68,1|65,1
68,1|67,2|67,1|67,0|66,0|68,2|66,2|66,1|65,2
68,1|68,2|67,2|67,1|67,0|66,0|65,2|66,2|66,1
68,1|67,2|67,1|67,0|66,0|66,2|66,1|68,2|65,1
68,1|67,2|67,1|67,0|66,0|68,2|66,2|66,1|65,2
68,1|67,2|67,1|67,0|66,0|68,2|66,2|66,1|65,1
68,1|67,2|67,1|67,0|66,0|66,1|66,2|68,2|65,2
66,0|67,0|67,1|66,2|67,2|68,2|68,1|67,3|65,1
68,1|68,2|67,2|67,1|67,0|66,0|66,2|66,1|65,1
66,0|67,0|67,1|67,3|66,2|67,2|68,2|68,1|65,1
68,1|67,2|67,1|67,0|66,0|68,2|66,2|66,1|65,2
68,1|68,2|67,2|67,1|67,0|66,0|66,2|67,3|65,1
68,1|67,2|67,1|67,0|66,0|68,2|66,2|66,1|65,1
68,1|68,2|67,2|67,1|67,0|66,0|66,1|66,2|65,2
66,0|67,0|67,1|66,2|67,2|68,2|68,1|68,0|65,1
68,1|67,2|67,1|67,0|66,0|66,2|68,2|66,1|65,1
68,1|67,2|67,1|67,0|66,0|68,2|66,2|66,1|65,2
68,1|68,2|67,2|67,1|67,0|66,0|66,2|67,3|65,1
68,1|68,2|67,2|67,1|67,0|66,0|66,1|66,2|65,2
68,1|68,2|67,2|67,1|67,0|66,0|66,1|66,2|65,1
68,1|67,2|67,1|67,0|66,0|68,2|66,2|66,1|65,2
68,1|67,2|67,1|67,0|66,0|66,1|65,1|66,2|68,2
68,1|67,2|67,1|67,0|66,0|66,2|66,1|65,1|68,2
68,1|68,2|67,2|67,1|67,0|66,0|66,2|66,1|65,1
66,0|67,0|67,1|67,3|66,2|67,2|68,2|68,1|65,1
68,1|68,2|67,2|67,1|67,0|66,0|66,1|66,2|65,2
68,1|67,2|67,1|67,0|66,0|68,2|66,2|66,1|65,1
67,55|68,55|68,56|69,55|71,55|69,54|70,54|68,54|71,54|70,55|67,56|67,57|68,57|70,56
68,1|67,2|67,1|67,0|66,0|66,1|68,2|66,2|65,2
68,1|68,2|67,2|67,1|67,0|66,0|66,1|66,2|65,1
68,1|67,2|67,1|67,0|66,0|68,2|66,2|66,1|65,1
68,1|67,2|67,1|67,0|66,0|68,2|66,2|66,1|65,1
68,1|67,2|67,1|67,0|66,0|66,1|66,2|68,2|65,2
68,1|68,2|67,2|67,1|67,0|66,0|66,2|66,1|65,2
68,1|68,2|67,2|67,1|67,0|66,0|66,2|66,1|65,1
68,1|68,2|67,2|67,1|67,0|66,0|66,2|66,1|65,1
68,1|68,2|67,2|67,1|67,0|66,0|65,1|66,2|67,3
68,1|67,2|67,1|67,0|66,0|66,1|68,2|66,2|65,2
68,1|68,2|67,2|67,1|67,0|66,0|66,1|66,2|65,1
68,1|67,2|67,1|67,0|66,0|66,2|66,1|68,2|65,2
66,0|67,0|68,0|68,1|67,1|68,2|66,2|67,2|65,1
66,0|67,0|67,1|67,3|66,2|67,2|68,2|68,1|65,1
82,10|83,10|85,10|84,10|84,9|83,9|81,10|83,13
96,26|96,25|96,24|95,24|95,25|95,26|94,25
68,1|68,2|67,2|67,1|67,0|66,0|66,2|66,1|65,1
75,6|74,6|75,5|74,5|75,4|76,5|77,6
68,1|68,2|67,2|67,1|67,0|66,0|66,2|66,1|65,1
68,1|67,2|67,1|67,0|66,0|66,1|66,2|68,2|65,2
68,1|67,2|67,1|67,0|66,0|68,2|66,2|66,1|65,1
66,0|67,0|67,1|66,2|67,2|68,2|68,1|65,1|66,1
71,18|73,16|73,18
84,9|85,9|85,7|85,8|85,10|84,7|84,8|84,10
66,0|67,0|67,1|67,3|66,2|67,2|68,2|68,1|65,1
18,18|18,17|19,18|19,17|20,15|20,19|19,19|19,20|17,17|18,19|18,16
68,1|68,2|67,2|67,1|67,0|66,0|66,1|65,1|66,2
68,56|69,55|71,55|69,54|70,54|68,54|71,54|70,55|67,57|68,57|68,55|67,55|70,56|66,56
71,18|73,18|72,17
66,0|67,0|68,0|68,1|67,1|68,2|66,2|67,2|65,2
68,1|68,2|67,2|67,1|67,0|66,0|66,2|66,1|65,1
68,1|68,2|67,2|67,1|67,0|66,0|66,1|66,2|65,1
68,1|68,2|67,2|67,1|67,0|66,0|66,2|66,1|65,2
68,1|67,2|67,1|67,0|66,0|66,1|66,2|68,2|65,2
68,1|67,2|67,1|67,0|66,0|68,2|66,2|66,1|65,2
68,1|68,2|67,2|67,1|67,0|66,0|65,1|66,2|68,0
68,1|68,2|67,2|67,1|67,0|66,0|66,1|66,2|65,1
68,1|68,2|67,2|67,1|67,0|66,0|66,2|66,1|65,1
68,1|67,2|67,1|67,0|66,0|68,2|66,2|66,1|65,2
68,1|67,2|67,1|67,0|66,0|66,1|66,2|68,2|65,2
68,1|67,2|67,1|67,0|66,0|66,1|66,2|68,2|65,2
68,1|68,2|67,2|67,1|67,0|66,0|66,2|66,1|65,1
68,1|68,2|67,2|67,1|67,0|66,0|66,1|66,2|65,1
66,0|67,0|67,1|66,2|67,2|68,2|68,1|67,3|65,1
66,0|67,0|68,0|68,1|67,1|68,2|66,2|67,2|64,2
68,1|68,2|67,2|67,1|67,0|66,0|66,2|66,1|65,1
68,1|68,2|67,2|67,1|67,0|66,0|66,2|66,1|65,1
68,1|67,2|67,1|67,0|66,0|68,2|66,2|66,1|65,2
68,1|68,2|67,2|67,1|67,0|66,0|66,2|66,1|65,2
68,1|67,2|67,1|67,0|66,0|66,1|66,2|68,2|65,2
68,1|68,2|67,2|67,1|67,0|66,0|66,1|66,2|65,1
68,1|68,2|67,2|67,1|67,0|66,0|66,2|68,0|65,2
68,1|68,2|67,2|67,1|67,0|66,0|66,1|66,2|65,2
68,1|68,2|67,2|67,1|67,0|66,2|66,0|66,1|65,1
68,1|68,2|67,2|67,1|67,0|66,0|66,1|65,2|66,2
68,1|68,2|67,2|67,1|67,0|66,0|66,1|66,2|65,2
68,1|67,2|67,1|67,0|66,0|66,2|66,1|68,2|65,2
68,1|68,2|67,2|67,1|67,0|66,0|66,1|66,2|65,2
66,0|67,0|68,0|68,1|67,1|68,2|66,2|67,2|64,2
66,0|67,0|68,0|68,1|67,1|68,2|66,2|67,2|65,2
68,1|68,2|67,2|67,1|67,0|66,0|66,1|66,2|65,2
68,1|68,2|67,2|67,1|67,0|66,0|66,2|66,1|65,1
160,40|159,40|160,39|160,38|159,39|158,39|158,38|159,38|158,40
68,1|67,2|67,1|67,0|66,0|68,2|66,2|66,1|65,2
75,6|74,6|75,5|74,5|76,5|75,4|77,6
160,40|159,40|160,39|160,38|159,39|158,39|158,38|159,38|158,40
68,1|68,2|67,2|67,1|67,0|66,0|66,2|66,1|65,2
68,1|67,2|67,1|67,0|66,0|66,1|68,2|66,2|65,2
68,1|68,2|67,2|67,1|67,0|66,0|66,1|66,2|65,2
66,0|67,0|68,0|68,1|67,1|68,2|66,2|67,2|65,2
66,0|67,0|68,0|68,1|67,1|68,2|66,2|67,2|64,2
68,1|68,2|67,2|67,1|67,0|66,0|66,1|66,2|65,2
68,1|68,2|67,2|67,1|67,0|66,0|66,2|66,1|65,1
68,1|68,2|67,2|67,1|67,0|66,0|66,1|66,2|65,1
66,0|67,0|68,0|68,1|67,1|68,2|66,2|67,2|65,2
66,0|67,0|68,0|68,1|67,1|68,2|66,2|67,2|65,2
68,1|68,2|67,2|67,1|67,0|66,0|66,2|66,1|65,1
68,1|68,2|67,2|67,1|67,0|66,0|66,2|66,1|65,1
66,0|67,0|68,0|68,1|67,1|68,2|66,2|67,2|65,1
68,1|68,2|67,2|67,1|67,0|66,0|66,2|66,1|65,1
68,1|68,2|67,2|67,1|67,0|66,0|66,2|68,0|65,2
68,1|68,2|67,2|67,1|67,0|66,0|66,2|65,1|67,3
68,1|68,2|67,2|67,1|67,0|66,0|66,2|66,1|65,2
66,0|67,0|67,1|66,2|67,2|68,2|68,1|65,1|66,1
68,1|68,2|67,2|67,1|67,0|66,0|66,2|66,1|65,2
68,1|68,2|67,2|67,1|67,0|66,0|66,1|66,2|65,1
68,1|67,2|67,1|67,0|66,0|68,2|66,2|66,1|65,1
68,1|67,2|67,1|67,0|66,0|68,2|66,2|66,1|65,1
68,1|68,2|67,2|67,1|67,0|66,0|66,2|66,1|65,1
66,0|67,0|68,0|68,1|67,1|68,2|66,2|67,2|65,2
68,1|67,2|67,1|67,0|66,0|65,1|68,2|66,2|68,0
68,1|67,2|67,1|67,0|66,0|68,2|66,2|66,1|65,1
68,1|68,2|67,2|67,1|67,0|66,0|66,1|66,2|65,1
68,1|67,2|67,1|67,0|66,0|66,1|66,2|68,2|65,2
68,1|68,2|67,2|67,1|67,0|66,0|66,1|66,2|65,2
160,40|159,40|160,39|160,38|159,39|158,39|158,38|159,38|158,40
68,1|68,2|67,2|67,1|67,0|66,0|66,2|66,1|65,1
75,6|74,6|75,5|74,5|76,5|75,4|74,4
68,1|68,2|67,2|67,1|67,0|66,0|66,2|66,1|65,1
68,1|68,2|67,2|67,1|67,0|66,0|66,1|66,2|65,1
68,1|67,2|67,1|67,0|66,0|66,1|66,2|68,2|65,1
75,6|74,6|75,5|74,5|76,5|75,4|77,6
68,1|68,2|67,2|67,1|67,0|66,0|66,2|66,1|65,1
68,1|68,2|67,2|67,1|67,0|66,0|66,2|66,1|65,2
68,1|67,2|67,1|67,0|66,0|66,1|66,2|68,2|65,2
68,1|68,2|67,2|67,1|67,0|66,0|66,2|66,1|65,1
68,1|68,2|67,2|67,1|67,0|66,0|66,1|66,2|65,2
68,1|68,2|67,2|67,1|67,0|66,0|66,2|66,1|65,1
68,1|68,2|67,2|67,1|67,0|66,0|65,2|66,2|68,0
68,1|68,2|67,2|67,1|67,0|66,0|66,1|66,2|65,2
68,1|67,2|67,1|67,0|66,0|68,2|66,2|66,1|65,2
68,1|68,2|67,2|67,1|67,0|66,0|66,2|66,1|65,1
68,1|68,2|67,2|67,1|67,0|66,0|66,2|66,1|65,1
66,0|67,0|67,1|67,3|66,2|67,2|68,2|68,1|65,1
68,1|68,2|67,2|67,1|67,0|66,0|66,1|66,2|65,2
68,1|68,2|67,2|67,1|67,0|66,0|66,1|66,2|65,2
68,1|68,2|67,2|67,1|67,0|66,0|66,1|66,2|65,1
68,1|67,2|67,1|67,0|66,0|66,1|68,2|66,2|65,2
68,1|68,2|67,2|67,1|67,0|66,0|66,1|66,2|65,1
68,1|67,2|67,1|67,0|66,0|66,1|68,2|66,2|65,2
66,0|67,0|68,0|68,1|67,1|68,2|66,2|67,2|64,2
68,1|67,2|67,1|67,0|66,0|66,2|66,1|68,2|65,1
167,3|167,5|167,4|167,2|166,1|168,5|166,5
68,1|68,2|67,2|67,1|67,0|66,0|66,2|66,1|65,1
68,2|67,2|67,1|67,0|66,0|66,1|65,2|66,2|69,2
68,1|67,2|67,1|67,0|66,0|68,2|66,2|66,1|65,1
66,0|67,0|68,0|68,1|67,1|68,2|66,2|67,2|65,1
68,1|68,2|67,2|67,1|67,0|66,0|66,1|66,2|65,2
68,1|68,2|67,2|67,1|67,0|66,0|66,1|66,2|65,1
68,1|67,2|67,1|67,0|66,0|68,2|66,2|66,1|65,1
68,1|67,2|67,1|67,0|66,0|68,2|66,2|66,1|65,2
68,1|67,2|67,1|67,0|66,0|66,1|66,2|68,2|65,2
160,40|159,40|160,39|160,38|159,39|158,39|158,38|159,38|158,40
68,1|68,2|67,2|67,1|67,0|66,0|66,2|66,1|65,1
68,1|67,2|67,1|67,0|66,0|68,2|66,2|66,1|65,2
68,1|68,2|67,2|67,1|67,0|66,0|66,2|66,1|65,1
68,1|68,2|67,2|67,1|67,0|66,0|66,1|66,2|65,1
67,55|68,55|68,56|69,55|71,55|70,53|69,54|70,54|68,54|70,55|68,57|67,57|70,56|69,56
68,1|68,2|67,2|67,1|67,0|66,0|66,1|66,2|65,2
75,6|74,6|75,5|74,5|76,5|75,4|74,4
68,1|68,2|67,2|67,1|67,0|66,0|66,2|66,1|65,1
68,1|68,2|67,2|67,1|67,0|66,2|66,0|66,1|65,1
68,1|68,2|67,2|67,1|67,0|66,0|66,2|66,1|65,1
71,18|73,18|73,16
68,1|68,2|67,2|67,1|67,0|66,0|66,2|66,1|65,1
67,2|67,1|67,0|66,0|68,2|66,2|66,1|65,2|69,2
68,1|67,2|67,1|67,0|66,0|66,1|68,2|66,2|65,2
68,1|68,2|67,2|67,1|67,0|66,0|66,1|66,2|65,1
97,26|98,26|98,25|98,27|99,27|97,25|99,26|99,25
68,1|67,2|67,1|67,0|66,0|68,2|66,2|66,1|65,1
68,1|67,2|67,1|67,0|66,0|68,2|66,2|66,1|65,1
68,1|67,2|67,1|67,0|66,0|68,2|66,2|66,1|65,1
68,1|68,2|67,2|67,1|67,0|66,0|66,1|66,2|65,2
168,3|168,4|167,3|167,4|167,2|169,3|168,2
68,1|68,2|67,2|67,1|67,0|66,0|66,1|66,2|65,2
68,1|68,2|67,2|67,1|67,0|66,0|66,1|65,2|66,2
66,0|67,0|68,0|68,1|67,1|68,2|66,2|67,2|65,1
68,1|68,2|67,2|67,1|67,0|66,0|65,2|66,2|66,1
68,1|68,2|67,2|67,1|67,0|66,0|66,2|66,1|65,1
68,1|67,2|67,1|67,0|66,0|68,2|66,2|66,1|65,1
75,6|74,6|75,5|74,5|76,5|75,4|77,6
68,1|68,2|67,2|67,1|67,0|66,0|66,1|66,2|65,1
68,1|67,2|67,1|67,0|66,0|68,2|66,2|66,1|65,1
68,1|68,2|67,2|67,1|67,0|66,0|66,2|66,1|65,2
68,1|67,2|67,1|67,0|66,0|66,1|68,2|66,2|65,2
66,0|67,0|68,0|68,1|67,1|68,2|66,2|67,2|65,1
68,1|68,2|67,2|67,1|67,0|66,0|66,2|66,1|65,1
75,6|74,6|75,5|74,5|76,5|75,4|77,6
68,1|67,2|67,1|67,0|66,0|66,1|68,2|66,2|65,2
66,0|67,0|68,0|68,1|67,1|68,2|66,2|67,2|65,1
66,0|67,0|67,1|66,2|67,2|68,2|68,1|65,1|66,1
91,10|91,11|90,10|90,9|89,10|89,9|91,9|89,11|90,11
68,1|68,2|67,2|67,1|67,0|66,0|66,2|66,1|65,1
82,13|82,10|83,10|85,10|84,10|84,9|83,9|81,10
68,1|68,2|67,2|67,1|67,0|66,0|66,2|66,1|65,1
75,6|74,6|75,5|74,5|75,4|76,5|77,6
68,1|67,2|67,1|67,0|66,0|68,2|66,2|66,1|65,2
68,1|67,2|67,1|67,0|66,0|68,2|66,2|66,1|65,1
67,55|68,55|68,56|69,55|71,55|70,53|69,54|70,54|68,54|70,55|68,57|67,57|70,56|69,56
68,1|67,2|67,1|67,0|66,0|66,2|66,1|68,2|65,2
66,0|67,0|68,0|68,1|67,1|68,2|66,2|67,2|65,2
68,1|68,2|67,2|67,1|67,0|66,0|66,1|66,2|65,2
68,1|68,2|67,2|67,1|67,0|66,0|66,1|66,2|65,1
66,0|67,0|68,0|68,1|67,1|68,2|66,2|67,2|65,1
68,1|68,2|67,2|67,1|67,0|66,0|66,2|66,1|65,1
68,1|68,2|67,2|67,1|67,0|66,0|66,2|66,1|65,2
68,1|68,2|67,2|67,1|67,0|66,0|66,1|66,2|65,1
75,6|74,6|75,5|74,5|76,5|75,4|77,6
68,1|68,2|67,2|67,1|67,0|66,0|66,1|66,2|65,2
75,6|74,6|75,5|74,5|76,5|75,4|76,6
68,1|68,2|67,2|67,1|67,0|66,0|66,2|66,1|65,2
68,1|68,2|67,2|67,1|67,0|66,0|66,1|66,2|65,2
68,1|68,2|67,2|67,1|67,0|66,0|66,1|66,2|65,2
68,1|68,2|67,2|67,1|67,0|66,0|66,1|66,2|65,2
66,0|67,0|67,1|66,2|67,2|68,2|68,1|65,1|66,1
68,1|68,2|67,2|67,1|67,0|66,0|66,1|66,2|65,2
68,1|68,2|67,2|67,1|67,0|66,0|66,1|66,2|65,2
66,0|67,0|68,1|67,1|68,2|66,2|67,2|65,1|66,1
75,6|74,6|75,5|74,5|76,5|75,4|77,6
68,1|68,2|67,2|67,1|67,0|66,0|66,1|66,2|65,2
75,6|74,6|75,5|74,5|76,5|75,4|77,6
68,1|68,2|67,2|67,1|67,0|66,0|66,1|66,2|65,2
68,1|67,2|67,1|67,0|66,0|68,2|66,2|66,1|65,1
68,1|68,2|67,2|67,1|67,0|66,0|66,1|66,2|65,1
68,1|68,2|67,2|67,1|67,0|66,0|66,1|66,2|65,2
68,1|67,2|67,1|67,0|66,0|65,1|68,2|66,2|67,3
68,1|68,2|67,2|67,1|67,0|66,0|66,2|66,1|65,1
68,1|67,2|67,1|67,0|66,0|66,1|66,2|68,2|65,2
68,1|68,2|67,2|67,1|67,0|66,0|66,2|66,1|65,1
68,1|68,2|67,2|67,1|67,0|66,0|66,2|66,1|65,2
68,1|68,2|67,2|67,1|67,0|66,0|66,1|66,2|65,1
68,1|67,2|67,1|67,0|66,0|68,2|66,2|66,1|65,1
68,1|68,2|67,2|67,1|67,0|66,0|66,1|66,2|65,1
68,1|68,2|67,2|67,1|67,0|66,0|66,2|66,1|65,1
68,1|68,2|67,2|67,1|67,0|66,0|66,1|66,2|65,1
68,1|68,2|67,2|67,1|67,0|66,0|66,1|66,2|65,1
75,6|74,6|75,5|74,5|76,5|75,4|77,6
66,0|67,0|68,0|68,1|67,1|68,2|66,2|67,2|65,2
66,0|67,0|68,0|68,1|67,1|68,2|66,2|67,2|65,1
96,26|96,25|96,24|95,24|95,25|95,26|94,25
68,1|67,2|67,1|67,0|66,0|68,2|66,2|66,1|65,1
107,6|106,6|105,6|105,7|106,7|107,7|108,6|107,5|108,7|109,5
68,1|67,2|67,1|67,0|66,0|66,1|66,2|68,2|65,2
68,1|68,2|67,2|67,1|67,0|66,0|66,1|66,2|65,1
68,1|68,2|67,2|67,1|67,0|66,0|66,2|67,3|65,2
107,6|106,6|105,6|107,7|108,6|107,5|106,7|108,7|108,5|104,7
68,1|68,2|67,2|67,1|67,0|66,0|66,2|66,1|65,1
68,1|67,2|67,1|67,0|66,0|68,2|66,2|66,1|65,1
72,17|73,18|72,18
68,1|68,2|67,2|67,1|67,0|66,0|66,1|66,2|69,2
66,0|67,0|68,1|67,1|68,2|66,2|67,2|65,1|66,1
159,40|159,39|158,38|159,38|158,40|158,39|160,39|160,38|156,39
68,1|68,2|67,2|67,1|67,0|66,0|66,2|66,1|65,1
68,1|68,2|67,2|67,1|67,0|66,0|66,1|66,2|69,2
86,7|86,8|86,9|85,8|87,8|87,7|85,9|87,10
68,1|68,2|67,2|67,1|67,0|66,0|66,1|66,2|65,1
68,1|68,2|67,2|67,1|67,0|66,0|66,2|68,0|64,2
66,0|67,1|67,3|66,2|67,2|68,2|68,1|65,1|69,2
66,0|67,0|67,1|66,2|67,2|68,2|68,1|65,1|68,3
68,56|69,55|71,55|69,54|70,54|68,54|71,54|70,55|67,57|68,57|68,55|67,55|67,56|69,56
68,1|68,2|67,2|67,1|67,0|66,0|66,2|66,1|67,3
71,18|73,18|72,18
67,55|68,55|68,56|69,55|71,55|69,54|70,54|68,54|71,54|70,55|67,56|67,57|68,57|69,56
68,1|68,2|67,2|67,1|67,0|66,0|66,2|67,3|66,1
68,1|68,2|67,2|67,1|67,0|66,0|66,2|68,0|66,1
19,15|17,17|19,17|17,16|18,17|18,18|16,16|18,15|16,17|19,16
66,0|67,0|68,0|68,1|67,1|68,2|66,2|67,2|64,3
68,1|67,2|67,1|67,0|66,0|68,2|66,2|66,1|65,1
68,1|68,2|67,2|67,1|67,0|66,0|66,2|66,1|65,2
68,1|67,2|67,1|67,0|66,0|68,2|66,2|66,1|65,2
68,1|67,2|67,1|67,0|66,0|66,1|65,1|66,2|68,2
66,0|67,0|67,1|67,3|66,2|67,2|68,2|68,1|65,2
68,56|69,55|71,55|69,54|70,54|68,54|71,54|70,55|67,57|68,57|68,55|70,56|66,56|67,56
68,1|68,2|67,2|67,1|67,0|66,0|66,2|68,0|65,2
68,1|68,2|67,2|67,1|67,0|66,0|66,1|66,2|65,1
68,1|67,2|67,1|67,0|66,0|68,2|66,2|68,0|65,2
68,1|68,2|67,2|67,1|67,0|66,0|66,2|66,1|65,2
68,1|68,2|67,2|67,1|67,0|66,0|66,2|66,1|65,1
66,0|67,0|67,1|66,2|67,2|68,2|68,1|65,1|68,3
68,1|67,2|67,1|67,0|66,0|68,2|66,2|66,1|65,2
68,1|68,2|67,2|67,1|67,0|66,0|66,2|66,1|65,1
73,18|73,16|71,17
97,26|98,26|98,25|98,27|99,27|97,25|99,26|99,24
68,1|67,2|67,1|67,0|66,0|68,2|66,2|66,1|65,2
68,1|68,2|67,2|67,1|67,0|66,0|66,2|66,1|65,2
68,1|68,2|67,2|67,1|67,0|66,0|66,2|66,1|65,1
66,0|67,0|68,0|68,1|67,1|68,2|66,2|67,2|65,1
68,1|68,2|67,2|67,1|67,0|66,0|66,2|66,1|65,1
75,6|74,6|75,5|74,5|76,5|75,4|76,6
68,1|68,2|67,2|67,1|67,0|66,1|66,2|65,2|69,2
68,1|67,2|67,1|67,0|66,0|68,2|66,2|66,1|65,2